tree
version=v4
num_class=1
num_tree_per_iteration=1
label_index=0
max_feature_idx=35
objective=binary sigmoid:1
feature_names=Column_0 Column_1 Column_2 Column_3 Column_4 Column_5 Column_6 Column_7 Column_8 Column_9 Column_10 Column_11 Column_12 Column_13 Column_14 Column_15 Column_16 Column_17 Column_18 Column_19 Column_20 Column_21 Column_22 Column_23 Column_24 Column_25 Column_26 Column_27 Column_28 Column_29 Column_30 Column_31 Column_32 Column_33 Column_34 Column_35
feature_infos=[-2.2931967055507614:1.5880204955470378] [-0.51744886793870659:2.7960045888105616] [-0.45526639930189194:3.4292374462064132] [-0.59580396559309212:3.7632053689162213] [-0.9981495354702854:2.9406279789421865] [-0.76721009709111176:1.3034239301483574] [-1.2724365639533397:3.3293265534526264] [-2.4637403506656508:10.234552309421472] [-0.8840866447369844:1.1311108542958477] [-0.91293772863770917:1.0953649615206567] [-0.88955653015423675:1.1241556507112753] [-0.44980792272222064:2.3083343954316669] [-0.21601391689455302:4.6293313614981066] [-0.93296839445662216:1.0718476702336932] [-1.6595496649127397:0.60257310832127486] [0:1] [0:1] [0:1] [0:1] [0:1] [0:1] [0:1] [0:1] [0:1] [0:1] [0:1] [0:1] [0:1] [0:1] [0:1] [0:1] [0:1] [0:1] [0:1] [0:1] [0:1]
tree_sizes=1700 1881 1899 1895 1892 1902 1887 1899 1896 1890 1890 1897 1890 1900 1899 1899 1779 1875 1774 1879 1885 1863 1771 1889 1752 1866 1882 1877 1760 1878 1881 1771 1666 1865 1770 1877 1877 1883 1879 1881 1551 1886 1662 1871 1871 1883

Tree=0
num_leaves=16
num_cat=0
split_feature=4 0 0 1 8 8 30 30 1 27 23 1 0 1 0
split_gain=44837 13008.7 5148.85 3991.44 3102.82 1958.75 1729.31 2106.12 1592.98 1580.31 1336.69 1151.01 511.632 277.955 178.514
threshold=-0.21005186170957066 -0.029127631987304749 -0.35258457906176616 -0.51744689972239211 -0.88376372093892519 -0.88376372093892519 1.0000000180025095e-35 0.99984107960552171 -0.51744689972239211 1.0000000180025095e-35 0.99992571116641671 -0.4070088936994854 -0.99937549371738932 -0.51744689972239211 -0.99937549371738932
decision_type=2 2 2 2 2 2 2 2 2 2 2 2 2 2 2
left_child=1 6 8 5 9 -4 13 -8 14 -3 -6 -5 -10 -1 -2
right_child=2 4 3 11 10 -7 7 -9 12 -11 -12 -13 -14 -15 -16
leaf_value=-0.14967684885208149 -0.12741641015751376 -0.068880327785081533 0.00015359413674713611 0.16110089301067868 0.039624060675007809 0.065443345059556859 0.16095081606725531 -0.094576358855841203 -0.046041723849800542 0.019971835444129764 -0.040406855870986115 0.091349159203372207 0.036028733260452861 -0.12180123341422411 -0.06762365137318796
leaf_weight=6161.75 469.5 6327 5066 1688.75 5888.25 7253.25 216 6668.5 645 1634.25 1758.75 17051.75 2088.75 3754.25 1061
leaf_count=24647 1878 25308 20264 6755 23553 29013 864 26674 2580 6537 7035 68207 8355 15017 4244
internal_value=4.06284e-05 -0.0683894 0.062824 0.0742206 -0.0154335 0.0385968 -0.117585 -0.0865539 -0.0201797 -0.0506377 0.0212138 0.0976366 0.0166544 -0.139127 -0.0859881
internal_weight=67732.8 32408.8 35324 31059.8 15608.2 12319.2 16800.5 6884.5 4264.25 7961.25 7647 18740.5 2733.75 9916 1530.5
internal_count=270931 129635 141296 124239 62433 49277 67202 27538 17057 31845 30588 74962 10935 39664 6122
is_linear=0
shrinkage=0.0805615


Tree=1
num_leaves=16
num_cat=0
split_feature=4 0 0 0 1 21 8 1 8 1 3 13 22 30 0
split_gain=37986.7 11169.2 4362.63 3496.37 3395.3 2922.5 1658.77 1349.68 1323.43 991.693 820.347 492.43 353.6 202.039 152.681
threshold=-0.21005186170957066 -0.35258457906176616 -0.35258457906176616 0.61773896694836605 -0.51744689972239211 0.0031285548789768973 -0.88376372093892519 -0.51744689972239211 -0.88376372093892519 -0.4070088936994854 1.5837261599917432 -0.91588719047810829 0.0054886427648117029 1.0000000180025095e-35 -0.99937549371738932
decision_type=2 2 2 2 2 2 2 2 2 2 2 2 2 2 2
left_child=1 10 7 5 6 -3 -4 14 -5 -6 12 -9 -1 -12 -2
right_child=2 3 4 8 9 -7 -8 11 -10 -11 13 -13 -14 -15 -16
leaf_value=-0.12696183951389867 -0.11764286129518367 -0.060884798733944236 0.00014122475163565244 -0.015549346015182387 0.14911413551336647 0.16702376537447425 0.060237510029268568 -0.027366773164684582 0.049682712450711042 0.084170422599430014 -0.074963154886283287 0.042711730904680813 0.14794528411212862 0.0043340935895870344 -0.062249285912330775
leaf_weight=12073.629556536674 467.59958070516586 10862.197596848011 5066 4138.6111287176609 1677.839951813221 377.74990732967854 7245.4892910271883 1067.8461917340755 3939.4534058570862 17016.227079257369 590.0588408857584 1664.8844599872828 30.303322345018387 321.50167652964592 1059.7879320383072
leaf_count=48505 1878 43504 20264 16567 6755 1514 29013 4273 15764 68207 2369 6662 122 1290 4244
internal_value=3.60826e-05 -0.0630333 0.0578624 -0.0241662 0.0683656 -0.053222 0.0355111 -0.0185747 0.0162593 0.0900012 -0.120719 0.0153177 -0.126271 -0.0469669 -0.0792296
internal_weight=67599.2 32333.5 35265.7 19318 31005.6 11239.9 12311.5 4260.12 8078.06 18694.1 13015.5 2732.73 12103.9 911.561 1527.39
internal_count=270931 129635 141296 77349 124239 45018 49277 17057 32331 74962 52286 10935 48627 3659 6122
is_linear=0
shrinkage=0.0805615


Tree=2
num_leaves=16
num_cat=0
split_feature=4 0 0 8 1 1 1 3 8 1 0 0 12 0 13
split_gain=32297.3 9710.59 3728.44 2418.99 2280.82 2254.82 1408.93 1294.85 1253.02 1000.44 813.265 709.679 688.354 306.309 289.337
threshold=-0.21005186170957066 -0.029127631987304749 -0.029127631987304749 -0.88376372093892519 -0.51744689972239211 -0.51744689972239211 -0.51744689972239211 1.5837261599917432 -0.87188122337659058 -0.51744689972239211 -0.35258457906176616 -0.99937549371738932 1.0000000180025095e-35 -0.99937549371738932 -0.90790013444156747
decision_type=2 2 2 2 2 2 2 2 2 2 2 2 2 2 2
left_child=1 7 5 6 8 14 -3 10 -4 -5 -1 -7 -6 -9 -2
right_child=2 3 4 9 12 11 -8 13 -10 -11 -12 -13 -14 -15 -16
leaf_value=-0.11757059152288531 -0.080966230477869688 -0.073803068816239284 0.0073118722921054861 -0.0045812180171251318 0.077937518732643901 -0.043360269760077286 -0.0054198607418349939 -0.081184718708877793 0.06227085508012542 0.054701884578364404 -0.072532273819914311 0.046898682012270952 0.11764325066456778 0.0032757635480164604 -0.028229381588798567
leaf_weight=11957.935497939587 1365.0304115414619 4452.3269434273243 4592.25 4501.1433449983597 12397.241591945291 644.62377868592739 3488.488966435194 408.06460452079773 6512.0007073581219 3132.8057152628899 3331.0681002140045 4580.4178895950317 3678.9207040965557 876.84480494260788 1340.4612375199795
leaf_count=48627 5490 17856 18369 18035 50050 2580 13989 1648 26151 12553 13401 18419 14848 3526 5389
internal_value=2.9551e-05 -0.0583109 0.0534487 -0.0126346 0.0676292 0.00484376 -0.0437653 -0.101232 0.0395448 0.0197439 -0.10776 0.0357576 0.087026 -0.0235285 -0.0548486
internal_weight=67259.6 32148.7 35110.9 15574.8 27180.4 7930.53 7940.82 16573.9 11104.3 7633.95 15289 5225.04 16076.2 1284.91 2705.49
internal_count=270931 129635 141296 62433 109418 31878 31845 67202 44520 30588 62028 20999 64898 5174 10879
is_linear=0
shrinkage=0.0805615


Tree=3
num_leaves=16
num_cat=0
split_feature=4 0 0 0 1 21 0 1 1 1 3 1 1 30 0
split_gain=27530.8 8436.53 3268.86 2842.57 2524.06 2493.92 1193.29 1093.87 985.201 908.099 622.677 463.439 255.264 153.931 135.432
threshold=-0.21005186170957066 -0.35258457906176616 -0.35258457906176616 0.61773896694836605 -0.51744689972239211 0.0031285548789768973 0.61773896694836605 -0.51744689972239211 -0.51744689972239211 -0.4070088936994854 1.5837261599917432 -0.4070088936994854 -0.51744689972239211 1.0000000180025095e-35 -0.99937549371738932
decision_type=2 2 2 2 2 2 2 2 2 2 2 2 2 2 2
left_child=1 10 8 5 6 -3 -4 -5 14 -6 12 -10 -1 -12 -2
right_child=2 3 4 7 9 -7 -8 -9 11 -11 13 -13 -14 -15 -16
leaf_value=-0.11882593654966982 -0.1056292360970038 -0.053900974544036806 0.003137842553825407 -0.0099408046112581545 0.13501711297256641 0.15672907136070577 0.053562829426520339 0.049963732543165329 0.15591954672986716 0.07192901717642157 -0.065430807096558311 0.0043723302513519972 -0.093808740578913127 0.0039200945468577872 -0.053055729573344861
leaf_weight=7676.7015024572611 458.84227453172207 10800.78883318603 5653.3409587740898 4570.6134744286537 1625.5307596623898 377.4705468416214 6606.8478007763624 3487.3240091055632 137.91367684304714 16771.121498391032 582.81021900475025 2588.966034591198 4065.4789851307869 321.59941339492798 1051.5759722292423
leaf_count=31839 1878 43504 22718 18339 6755 1514 26559 13992 553 68207 2369 10382 16788 1290 4244
internal_value=2.05907e-05 -0.0540945 0.0494663 -0.0204911 0.0586336 -0.0467851 0.0303135 0.0159815 -0.0168521 0.0775054 -0.105205 0.0120503 -0.110167 -0.0407413 -0.0690485
internal_weight=66776.9 31882.8 34894.1 19236.2 30656.8 11178.3 12260.2 8057.94 4237.3 18396.7 12646.6 2726.88 11742.2 904.41 1510.42
internal_count=270931 129635 141296 77349 124239 45018 49277 32331 17057 74962 52286 10935 48627 3659 6122
is_linear=0
shrinkage=0.0805615


Tree=4
num_leaves=16
num_cat=0
split_feature=4 0 0 8 1 1 0 1 1 8 23 12 1 23 23
split_gain=23517.3 7513.76 2845.31 2062.76 1738.4 1638.85 1207.31 1165.35 2563.32 1085.51 844.19 676.013 647.57 292.111 262.612
threshold=-0.21005186170957066 -0.029127631987304749 -0.029127631987304749 -0.88376372093892519 -0.51744689972239211 -0.51744689972239211 0.29146461745702085 -0.51744689972239211 -0.4070088936994854 -0.87188122337659058 0.99992571116641671 3.8531550044111627 -0.4070088936994854 1.0000000180025095e-35 1.0000000180025095e-35
decision_type=2 2 2 2 2 2 2 2 2 2 2 2 2 2 2
left_child=1 7 5 6 9 14 -3 13 -9 -4 -5 -7 -6 -1 -2
right_child=2 3 4 10 12 11 -8 8 -10 -11 -12 -13 -14 -15 -16
leaf_value=-0.10776522619876437 -0.050922708411136323 0.17295462013970572 0.0039107062202208397 0.034232697867504859 0.12792443669684328 0.016154703045352693 -0.04385684156806282 0.19056774375745925 -0.072834243337838903 0.055161146443536709 -0.029514347644849996 0.092206085068853846 0.070465743420372415 0.15416875685384099 0.15899048904086333
leaf_weight=9468.9589991718531 2644.5295769125223 170.25825674831867 4589.4928650259972 5865.9570354372263 1398.8012052029371 4256.9069796353579 7728.2238929271698 249.17910265922546 6288.5232584923506 6458.3376327753067 1750.1357704550028 923.42483776807785 14319.230123758316 27.577019333839417 39.135951936244965
leaf_count=39941 10722 689 18369 23553 5999 17251 31156 1029 26121 26151 7035 3748 58899 111 157
internal_value=1.15603e-05 -0.0503028 0.0458502 -0.0103322 0.0583672 0.00324395 -0.0391785 -0.0889761 -0.062789 0.0338733 0.0195803 0.0297175 0.0755814 -0.107001 -0.0478478
internal_weight=66178.7 31548.8 34629.9 15514.6 26765.9 7864 7898.48 16034.2 6537.7 11047.8 7616.09 5180.33 15718 9496.54 2683.67
internal_count=270931 129635 141296 62433 109418 31878 31845 67202 27150 44520 30588 20999 64898 40052 10879
is_linear=0
shrinkage=0.0805615


Tree=5
num_leaves=16
num_cat=0
split_feature=4 0 0 1 1 1 8 8 12 1 3 13 22 30 0
split_gain=20121 6735.01 2500.05 2318.3 2495.94 1934.72 1346.85 1076.37 822.875 714.061 561.162 408.678 312.461 134.218 122.568
threshold=-0.21005186170957066 -0.35258457906176616 -0.35258457906176616 -0.51744689972239211 -0.4070088936994854 -0.51744689972239211 -0.86347942132033462 -0.88376372093892519 1.0000000180025095e-35 -0.51744689972239211 1.5837261599917432 -0.91588719047810829 0.0054886427648117029 1.0000000180025095e-35 -0.99937549371738932
decision_type=2 2 2 2 2 2 2 2 2 2 2 2 2 2 2
left_child=1 10 9 6 -5 7 -3 -4 -7 14 12 -11 -1 -12 -2
right_child=2 3 5 4 -6 8 -8 -9 -10 11 13 -13 -14 -15 -16
leaf_value=-0.099503242640590656 -0.095973065023910648 -0.069725441002024602 -0.0024848554010835655 0.1590168962506357 0.0015217239552155668 0.058223723490946157 -0.012998476088973046 0.046090109598482858 0.09958576139556867 -0.030012417434984121 -0.055775828341245205 0.033942213155118736 0.15840511529018153 0.0092926890403116861 -0.045353174177892329
leaf_weight=11166.118403717875 445.5364428460598 5453.6924830973148 5061.5178672075272 715.2762019187212 7506.0059829950333 13896.411167874932 5414.8824784755707 7129.4944289028645 4029.8683526366949 1065.6098956465721 570.35636588931084 1655.5986470878124 30.43743534386158 320.7674352824688 1038.7299590855837
leaf_count=48505 1878 22240 20264 2884 30361 58004 21864 29013 16958 4273 2369 6662 122 1290 4244
internal_value=3.17502e-06 -0.0468453 0.0425595 -0.0170483 0.0152287 0.0506844 -0.041466 0.0259204 0.0675238 -0.0156203 -0.0939006 0.00888773 -0.0987988 -0.032324 -0.0605697
internal_weight=65500.3 31177.5 34322.8 19089.9 8221.28 30117.3 10868.6 12191 17926.3 4205.47 12087.7 2721.21 11196.6 891.124 1484.27
internal_count=270931 129635 141296 77349 33245 124239 44104 49277 74962 17057 52286 10935 48627 3659 6122
is_linear=0
shrinkage=0.0805615


Tree=6
num_leaves=16
num_cat=0
split_feature=0 9 1 9 8 0 1 21 1 0 1 12 0 9 29
split_gain=15667.8 5613.26 2645.13 2642.92 2351.99 1175.47 1078.48 1060.99 1054.24 1002.34 537.262 383.947 310.545 282.362 80.5409
threshold=-0.35258457906176616 -0.91269425987561126 -0.51744689972239211 -0.91269425987561126 -0.88376372093892519 0.61773896694836605 -0.4070088936994854 1.0000000180025095e-35 -0.51744689972239211 0.61773896694836605 -0.4070088936994854 3.8531550044111627 -0.99937549371738932 1.0942824407785252 0.99988777048261623
decision_type=2 2 2 2 2 2 2 2 2 2 2 2 2 2 2
left_child=3 4 5 11 7 -3 -4 -2 13 -6 -10 12 -1 -5 -13
right_child=1 2 6 8 9 -7 -8 -9 10 -11 -12 14 -14 -15 -16
leaf_value=-0.10676332083087081 -0.053488518654930872 -0.009637848800029946 0.12425239198342869 0.2145137976787167 -0.011462934246735281 0.036840544454177171 0.055063055071882888 0.14620329564351947 0.15174698049249585 0.046711395498578653 -0.001882085010111602 0.066635629821561862 -0.078388820111584212 -0.06980790101834887 -0.049695365971644367
leaf_weight=6029.1592157036066 7538.3753684908152 6685.5465428084135 1596.0520732849836 22.805242717266083 4430.6262040436268 7484.0249274820089 17524.729433164001 176.60252159833908 155.10316026210785 3394.4975615739822 3081.9443798661232 112.42166183888912 4301.6548724919558 2172.9394734948874 58.522892639040947
leaf_count=26963 30914 27135 7116 98 18041 30385 73448 721 633 13828 12650 468 18886 9394 251
internal_value=-5.86909e-06 0.022629 0.0412912 -0.0693705 -0.0173478 0.014909 0.0608402 -0.0489127 -0.0237472 0.0137694 0.00547324 -0.0929695 -0.0949516 -0.0668366 0.0266454
internal_weight=64765 48830.5 33290.4 15934.6 15540.1 14169.6 19120.8 7714.98 5432.79 7825.12 3237.05 10501.8 10330.8 2195.74 170.945
internal_count=270931 201588 138084 69343 63504 57520 80564 31635 22775 31869 13283 46568 45849 9492 719
is_linear=0
shrinkage=0.0805615


Tree=7
num_leaves=16
num_cat=0
split_feature=4 0 12 4 0 8 1 0 27 13 0 4 4 3 8
split_gain=15379.9 5427.66 2195.16 1974.26 1900.86 1272.96 1115.97 1025.4 923.91 792.981 353.975 216.246 129.766 86.1672 9.12487
threshold=-0.21005186170957066 0.61773896694836605 1.0000000180025095e-35 -0.99654282960002727 -0.029127631987304749 -0.88376372093892519 -0.51744689972239211 0.93783076782270969 1.0000000180025095e-35 -0.93180207587540143 -0.99937549371738932 0.57745697076784552 0.57732742027742501 -0.59579823103259677 -0.87188122337659058
decision_type=2 2 2 2 2 2 2 2 2 2 2 2 2 2 2
left_child=1 3 4 10 9 -6 -5 14 -9 -2 -1 12 -4 -13 -3
right_child=2 7 11 6 5 -7 -8 8 -10 -11 -12 13 -14 -15 -16
leaf_value=-0.10214038786113784 -0.041658293844760871 0.17283053391875244 0.13459313554423769 -0.061412659238458699 0.018250652460260211 0.05778088093736327 -0.0094062865546064283 -0.013638354127095709 0.043391425999120568 0.014374999950524896 -0.073574878180839354 0.066328714416715256 0.041380744168175367 0.095419344213747315 0.14308139816501958
leaf_weight=4733.5051607489586 2876.8406532108784 154.45552478730679 107.73985369503498 5784.1840755492449 9833.8699842989445 11441.375450283289 4989.1246758103371 4595.7736601233482 3078.2212607264519 3809.0298534184694 6986.1175997704268 810.03340218961239 995.72464995086193 3784.951054751873 159.14550240337849
leaf_count=22034 11863 623 457 24979 41042 48233 20838 18633 12439 15656 29903 3306 4227 16400 648
internal_value=-0.00051521 -0.0419711 0.0370245 -0.0622298 0.0277352 0.0395106 -0.0373312 0.0150737 0.00923422 -0.00973142 -0.0851152 0.0825994 0.0505136 0.090298 0.157851
internal_weight=64140.1 30480.5 33659.6 22492.9 27961.1 21275.2 10773.3 7987.6 7673.99 6685.87 11719.6 5698.45 1103.46 4594.98 313.601
internal_count=271281 130097 141184 97754 116794 89275 45817 32343 31072 27519 51937 24390 4684 19706 1271
is_linear=0
shrinkage=0.0805615


Tree=8
num_leaves=16
num_cat=0
split_feature=4 0 12 0 0 0 8 1 1 1 23 4 4 3 21
split_gain=13175.9 4841.74 1932.22 1626.44 1446.35 1643.61 1108.44 965.298 2039.49 713.982 209.981 195.791 116.245 83.251 8.86913
threshold=-0.21005186170957066 -0.029127631987304749 1.0000000180025095e-35 -0.029127631987304749 0.29146461745702085 0.61773896694836605 -0.88376372093892519 -0.51744689972239211 -0.4070088936994854 -0.51744689972239211 0.024581194857769998 0.57745697076784552 0.57732742027742501 -0.59579823103259677 0.0031285548789768973
decision_type=2 2 2 2 2 2 2 2 2 2 2 2 2 2 2
left_child=1 7 3 9 14 -6 -5 10 -9 -2 -1 12 -4 -13 -3
right_child=2 4 11 6 5 -7 -8 8 -10 -11 -12 13 -14 -15 -16
leaf_value=-0.090360583944288322 -0.04325208000785407 0.16685911990400701 0.12793362515256693 0.016833758853156324 -0.039538560868254927 0.013876722202549088 0.05386518806821318 0.17812353904503719 -0.057366245037370346 0.011267828378388743 0.15022800013070034 0.061483885423984377 0.038389251905795674 0.090234714926077167 0.13176521143130329
leaf_weight=8522.6830779016018 2478.2024924755096 259.37864871323109 104.3577646613121 9803.9701503515244 7034.1150523722172 7979.3088306635618 11290.758423194289 248.58212739229202 5934.5073226988316 4201.3164966851473 23.472059056162834 803.72971279919147 987.21778436005116 3684.1888739466667 69.897429183125496
leaf_count=40093 10281 1042 457 41042 28861 32343 48233 1030 26338 17238 95 3306 4227 16400 295
internal_value=-0.000486874 -0.0391575 0.0343779 0.0256856 -0.00748258 -0.0111477 0.0366559 -0.0721495 -0.0478926 -0.00895597 -0.0896955 0.0776423 0.0469817 0.0850928 0.159518
internal_weight=63425.7 30071.9 33353.7 27774.2 15342.7 15013.4 21094.7 14729.2 6183.09 6679.52 8546.16 5579.49 1091.58 4487.92 329.276
internal_count=271281 130097 141184 116794 62541 61204 89275 67556 27368 27519 40188 24390 4684 19706 1337
is_linear=0
shrinkage=0.0805615


Tree=9
num_leaves=16
num_cat=0
split_feature=4 0 1 1 1 0 1 1 0 3 27 13 0 13 0
split_gain=11302.3 4398.62 1776.77 1994 1741.72 1331.09 1154.05 2541.86 774.217 537.792 371.943 336.89 233.523 122.507 6.81966
threshold=-0.21005186170957066 -0.35258457906176616 -0.51744689972239211 -0.4070088936994854 -0.51744689972239211 0.29428200563211632 -0.4070088936994854 -0.4069689470163062 0.61773896694836605 1.5837261599917432 1.0000000180025095e-35 -0.92358281380732088 -0.99937549371738932 -0.91588719047810829 -0.35258457906176616
decision_type=2 2 2 2 2 2 2 2 2 2 2 2 2 2 2
left_child=1 9 8 -4 5 11 14 -8 -3 12 -7 -2 -1 -11 -6
right_child=4 2 3 -5 6 10 7 -9 -10 13 -12 -13 -14 -15 -16
leaf_value=-0.093447880776131503 -0.049464511442632905 -0.053448830808875421 0.14452908550556087 0.0029674424312674422 0.13401694791585203 0.018053601748633651 -0.14102590404197854 0.046569760435164427 -0.0094871392930255625 -0.057901074930430715 0.056122536719005391 -0.0052279283682642235 -0.06846490426515929 0.0056259902723690258 0.11321959524737786
leaf_weight=5710.4513930380344 2131.5847994983196 6108.1183673888445 706.9830929338932 7459.4293237030506 129.97704020142555 6672.1968258321285 481.42627991735935 17661.664073705673 4529.8932371139526 302.45776498317719 2221.6856494694948 2351.4051060974598 4248.8021608144045 563.03480303287506 1373.9050535708666
leaf_count=28448 8881 25850 2920 30472 546 27579 2046 76543 18334 1306 9183 9674 20361 2406 6732
internal_value=-0.000462544 -0.0365867 -0.0130341 0.0152271 0.0319474 0.00952286 0.047214 0.0415899 -0.0347317 -0.0774987 0.0275666 -0.0262682 -0.0827929 -0.0165451 0.115041
internal_weight=62653 29629.2 18804.4 8166.41 33023.8 13376.9 19647 18143.1 10638 10824.7 8893.88 4482.99 9959.25 865.493 1503.88
internal_count=271281 130097 77576 33392 141184 55317 85867 78589 44184 52521 36762 18555 48809 3712 7278
is_linear=0
shrinkage=0.0805615


Tree=10
num_leaves=16
num_cat=0
split_feature=4 0 1 8 1 0 3 0 13 13 8 0 0 3 0
split_gain=9974.15 3703.85 2711.3 1547.23 1525.06 1355.52 923.95 498.279 352.282 587.582 343.879 207.72 180.903 97.5301 70.8981
threshold=-0.99654282960002727 -0.35258457906176616 -0.51744689972239211 -0.88376372093892519 -0.4070088936994854 0.61773896694836605 1.5837261599917432 -0.99937549371738932 -0.93180207587540143 1.0713772353766335 -0.86347942132033462 0.93783076782270969 -0.99937549371738932 -0.59579823103259677 -1.3227564312062514
decision_type=2 2 2 2 2 2 2 2 2 2 2 2 2 2 2
left_child=5 6 3 -3 -4 8 7 -2 14 -10 11 -7 -8 -12 -1
right_child=1 2 4 -5 -6 10 12 -9 9 -11 13 -13 -14 -15 -16
leaf_value=-0.099241648250963932 -0.076747059360603276 -0.022837284377583793 0.1165474360257014 0.024406936104320716 0.03912157370309876 0.16094872866797866 -0.02595162032493863 -0.030082879216618244 0.22344118019338302 -0.060485871052669234 -0.00034246745048321974 -0.044956850891327713 0.040163191235248773 0.04336623804980079 -0.080805173971524036
leaf_weight=2047.1132079958916 2314.7955783009529 8080.2308207005262 1796.6396334320307 10150.212197169662 20439.465766921639 32.519265621900558 354.03653798997402 4152.8788134753704 47.696191057562828 4627.3195421397686 759.84099860489368 1244.8362687528133 1107.297707632184 585.76081335544586 4133.6834112256765
leaf_count=10741 11008 33121 8815 42355 88813 131 1475 18569 211 21728 3059 5058 4530 2410 19257
internal_value=-0.000437851 0.0166317 0.0264974 0.00346549 0.045379 -0.0617278 -0.0337155 -0.0467889 -0.0742861 -0.0575804 -0.00974104 -0.039686 0.0241264 0.0186652 -0.0869168
internal_weight=61874.3 48395.6 40466.5 18230.4 22236.1 13478.8 7929.01 6467.67 10855.8 4675.02 2622.96 1277.36 1461.33 1345.6 6180.8
internal_count=271281 208686 173104 75476 97628 62595 35582 29577 51937 21939 10658 5189 6005 5469 29998
is_linear=0
shrinkage=0.0805615


Tree=11
num_leaves=16
num_cat=0
split_feature=4 0 12 0 27 13 0 4 1 30 4 0 4 4 1
split_gain=8719.93 3518.12 1652.91 1500.65 1638.86 1373.72 1114.88 523.138 483.221 196.96 178.537 153.632 107.971 73.6274 3.09745
threshold=-0.21005186170957066 -0.35258457906176616 1.0000000180025095e-35 -0.029253543200832479 1.0000000180025095e-35 -0.93180207587540143 0.61773896694836605 1.3652213814563967 1.1394726757574245 1.0000000180025095e-35 0.57745697076784552 -1.3227564312062514 0.57732742027742501 2.1536452097397949 -0.51744689972239211
decision_type=2 2 2 2 2 2 2 2 2 2 2 2 2 2 2
left_child=1 8 5 14 -5 6 -2 -7 9 -1 12 -10 -4 -12 -3
right_child=2 3 10 4 -6 7 -8 -9 11 -11 13 -13 -14 -15 -16
leaf_value=-0.082946628387994895 -0.023241779944533966 0.17191651608574807 0.12041401275704167 -0.025836015663807232 0.038649992755899282 0.026045762851571237 0.028079856121182224 0.058216826154534863 -0.076529379583393856 -0.055489712225010805 0.067820934164707747 0.0041163622073573563 0.031371784871099768 0.089465977805933322 0.15102719323012448
leaf_weight=7016.9147387742996 6442.1625176221132 97.980925589799881 97.662968128919601 15207.830592870712 3074.6163001805544 11204.132144391537 4789.3955709189177 4642.5190868973732 197.21372272074223 2246.3553024083376 2500.4191205352545 685.56955508887768 957.12325103580952 1750.5651137679815 236.18002773821354
leaf_count=37394 27477 398 457 63675 12530 48286 20763 20268 945 11153 11538 3029 4227 8168 973
internal_value=-0.000416259 -0.0326978 0.0282545 -0.0118957 -0.0149896 0.0201964 -0.00135457 0.0354727 -0.0708636 -0.0762917 0.0693736 -0.0138727 0.0396487 0.076742 0.157264
internal_weight=61146.6 28762.7 32384 18616.6 18282.4 27078.2 11231.6 15846.7 10146.1 9263.27 5305.77 882.783 1054.79 4250.98 334.161
internal_count=271281 130097 141184 77576 76205 116794 48240 68554 52521 48547 24390 3974 4684 19706 1371
is_linear=0
shrinkage=0.0805615


Tree=12
num_leaves=16
num_cat=0
split_feature=4 0 0 8 1 0 23 23 0 0 8 20 0 24 1
split_gain=7794 2872.89 1876.17 1769.17 1365.73 1114.37 692.763 318.241 315.664 945.445 291.702 257.688 179.696 93.1593 18.2077
threshold=-0.99654282960002727 -0.029127631987304749 0.29146461745702085 -0.88376372093892519 0.5871674523809457 0.61773896694836605 1.0000000180025095e-35 1.0000000180025095e-35 -0.99937549371738932 -0.67613665567624237 -0.86347942132033462 1.0000000180025095e-35 0.93783076782270969 0.0047557936678412358 -0.51744689972239211
decision_type=2 2 2 2 2 2 2 2 2 2 2 2 2 2 2
left_child=5 4 14 -4 6 8 -2 -6 11 -10 12 -1 -7 -12 -3
right_child=1 2 3 -5 7 10 -8 -9 9 -11 13 -13 -14 -15 -16
leaf_value=-0.087179019365740379 -0.036155968283813178 0.14922141635035743 0.0039678181199402814 0.041166933968728898 0.019387684114447596 0.15045089281216015 0.13494567787667724 0.12900340178959663 0.27195854864791069 -0.059820510746882292 0.013359259778838083 0.30115073393515623 -0.041552786717208544 0.13385010124871777 0.12169378224369169
leaf_weight=3865.1081180125475 9380.0005238354206 200.00020612776279 15943.833636283875 17306.563021466136 3412.1205654591322 32.350635394454002 156.01250447332859 181.08459806442261 56.150051981210709 6346.1649367511272 1297.4514101594687 11.033604696393011 1236.5650985240936 43.037915095686913 988.2446633130312
leaf_count=21977 42838 818 68377 76088 14553 131 677 790 273 29630 5289 57 5058 180 4545
internal_value=-0.000394366 0.0146616 0.0268863 0.0233305 -0.0174022 -0.0559665 -0.033353 0.0249216 -0.0679029 -0.0569039 -0.00893824 -0.0860619 -0.0366291 0.0172541 0.126358
internal_weight=60455.7 47567.9 34438.6 33250.4 13129.2 12887.9 9536.01 3593.21 10278.5 6402.31 2609.41 3876.14 1268.92 1340.49 1188.24
internal_count=271281 208686 149828 144465 58858 62595 43515 15343 51937 29903 10658 22034 5189 5469 5363
is_linear=0
shrinkage=0.0805615


Tree=13
num_leaves=16
num_cat=0
split_feature=4 1 1 1 0 0 27 0 30 0 1 1 4 0 22
split_gain=6748.66 2771.49 2253.51 3516.07 1920.84 1037.87 554.785 516.593 416.24 341.45 267.096 1002.16 51.0459 38.9312 0.950471
threshold=-0.99654282960002727 -0.51744689972239211 -0.4070088936994854 -0.4069689470163062 0.29428200563211632 -0.029127631987304749 1.0000000180025095e-35 0.29146461745702085 0.0063680916427175114 0.61773896694836605 -0.51744689972239211 -0.4070088936994854 -0.21005186170957066 -0.99937549371738932 0.019410646675056157
decision_type=2 2 2 2 2 2 2 2 2 2 2 2 2 2 2
left_child=5 4 12 -4 8 10 -6 14 -2 -9 13 -12 -3 -1 -7
right_child=1 2 3 -5 6 7 -8 9 -10 -11 11 -13 -14 -15 -16
leaf_value=-0.092013114736741272 -0.070212738077660874 0.1372951774784352 -0.12445562409184222 0.030972748163257548 0.0020075836168694109 0.13894830618710757 0.040738080357142332 -0.049900862957053642 -0.027924489180259346 -0.008249213011234444 0.1892498050203015 -0.062485119980041623 0.10773432792044493 -0.076814084408424979 0.16942790211773581
leaf_weight=2306.2691132128239 1971.6333165615797 547.60937465727329 984.71557664871216 23125.935026273131 9615.2268599122763 24.039723306894302 3199.6235292255878 2515.7803821265697 6482.241886973381 2598.6875255703926 106.45099106431007 2789.0104017704725 1323.5388422012329 2161.4137599468231 69.705485224723816
leaf_count=14234 10347 2389 4294 102855 40185 100 13364 10914 27974 10658 455 14557 7278 11396 281
internal_value=-0.000375156 0.0135814 0.0312345 0.0246234 -0.00798226 -0.0528342 0.0116801 -0.0253028 -0.0377907 -0.0287432 -0.0723041 -0.0532169 0.116404 -0.0846673 0.161999
internal_weight=59821.9 47250.5 25981.8 24110.7 21268.7 12571.4 12814.9 5208.21 8453.88 5114.47 7363.14 2895.46 1871.15 4467.68 93.7452
internal_count=271281 208686 116816 107149 91870 62595 53549 21953 38321 21572 40642 15012 9667 25630 381
is_linear=0
shrinkage=0.0805615


Tree=14
num_leaves=16
num_cat=0
split_feature=4 0 12 8 13 0 0 13 0 3 22 4 4 13 3
split_gain=6097.04 2614.07 1387.16 1304.99 1143.72 879.346 870.042 593.503 458.442 422.569 283.126 159.664 101.209 99.2674 73.6364
threshold=-0.21005186170957066 -0.35258457906176616 1.0000000180025095e-35 -0.88376372093892519 -0.93180207587540143 -0.029253543200832479 0.61773896694836605 -0.93180207587540143 -1.3227564312062514 1.5837261599917432 0.0054886427648117029 0.57745697076784552 0.57732742027742501 -0.93180207587540143 -0.59579823103259677
decision_type=2 2 2 2 2 2 2 2 2 2 2 2 2 2 2
left_child=1 9 4 5 6 -3 -2 -5 -6 10 -1 12 -4 -11 -13
right_child=2 3 11 7 8 -7 -8 -9 -10 13 -12 14 -14 -15 -16
leaf_value=-0.068954709575771322 -0.022159291461508229 0.14465450419049028 0.11478165996315245 -0.013759544705567981 -0.083070240117370936 -0.034307955281034926 0.023567632754185941 0.028734138049761541 0.032843080956089302 -0.046239474425551083 0.17326626978346854 0.047838690128357737 0.026472705541965791 0.012887000216551817 0.075609167443759895
leaf_weight=8300.2326377928257 6359.9890210181475 181.58698323369026 92.89846371114254 3503.3441326022148 224.51377607882023 9231.2313444316387 4693.1380144506693 5451.7393123358488 15298.632113441825 279.97468174993992 31.318292841315269 773.08844183385372 926.4595693051815 537.95767444372177 3264.2774232327938
leaf_count=48378 27427 765 466 14710 961 39482 20778 22722 67848 1291 128 3320 4207 2372 16391
internal_value=0.000298366 -0.0274327 0.0244224 -0.00990614 0.017062 -0.0308517 -0.00274121 0.012107 0.0311645 -0.0626146 -0.0680397 0.0630994 0.0345539 -0.00732003 0.0702992
internal_weight=59150.4 27517.4 31633 18367.9 26576.3 9412.82 11053.1 8955.08 15523.1 9149.48 8331.55 5056.72 1019.36 817.932 4037.37
internal_count=271246 129848 141398 77679 117014 40247 48205 37432 68809 52169 48506 24384 4673 3663 19711
is_linear=0
shrinkage=0.0805615


Tree=15
num_leaves=16
num_cat=0
split_feature=4 1 1 1 0 0 8 8 8 22 1 1 3 21 4
split_gain=5227.03 2303.13 2080.61 2974.44 1528.54 941.326 694.661 522.778 457.331 313.749 246.016 863.082 207.673 57.804 42.5803
threshold=-0.99654282960002727 -0.51744689972239211 -0.4070088936994854 -0.4069689470163062 0.29428200563211632 -0.029127631987304749 -0.87188122337659058 -0.88376372093892519 -0.88376372093892519 1.0000000180025095e-35 -0.51744689972239211 -0.4070088936994854 -0.59579823103259677 0.0073516904933925162 -0.21005186170957066
decision_type=2 2 2 2 2 2 2 2 2 2 2 2 2 2 2
left_child=5 4 14 -4 7 10 -6 -2 9 -7 13 -12 -10 -1 -3
right_child=1 2 3 -5 6 8 -8 -9 12 -11 11 -13 -14 -15 -16
leaf_value=-0.083863142671507462 -0.057613850706359285 0.13214009959353198 -0.11618343478435879 0.028336441805217612 -0.010381242256007199 -0.049296828849615441 0.027339988871426992 -0.016697658645943952 -0.018200431537760436 0.16693773728403782 0.17754442536477893 -0.057317742181112574 0.027544120615368494 -0.058099741989225809 0.10458355191781271
leaf_weight=3385.7421854734421 3541.4370129406452 533.14867335557938 963.31888593733311 22740.966239139438 5796.8317296504974 2507.6479209512472 6986.2136746793985 4744.3954660892487 1425.1179721057415 44.206664860248566 105.55526562035084 2607.866546779871 1174.9772681444883 688.74767003953457 1242.57441098243
leaf_count=21328 16638 2404 4276 102880 23732 10975 30054 21735 5903 180 451 14408 4893 4049 7340
internal_value=0.000271381 0.0124692 0.0287643 0.0224619 -0.00723636 -0.0472805 0.0102321 -0.0341892 -0.0213078 -0.0455363 -0.0669891 -0.0481675 0.00246101 -0.0795158 0.112877
internal_weight=58488.7 46548.9 25480 23704.3 21068.9 11939.9 12783 8285.83 5151.95 2551.85 6787.91 2713.42 2600.1 4074.49 1775.72
internal_count=271246 209059 116900 107156 92159 62187 53786 38373 21951 11155 40236 14859 10796 25377 9744
is_linear=0
shrinkage=0.0805615


Tree=16
num_leaves=15
num_cat=0
split_feature=0 21 30 30 9 13 9 0 22 0 4 1 22 4
split_gain=4737.33 2365.53 2304.31 1393.37 1128.75 1051.43 639.043 450.747 314.606 226.367 35.0454 32.0718 8.36714 4.85367
threshold=-0.35258457906176616 1.0000000180025095e-35 0.99984107960552171 1.0000000180025095e-35 -0.91269425987561126 -0.93180207587540143 1.0942824407785252 -1.3227564312062514 0.0054886427648117029 -0.99937549371738932 -0.21005186170957066 -0.51744689972239211 1.0000000180025095e-35 -0.94528430540064579
decision_type=2 2 2 2 2 2 2 2 2 2 2 2 2 2
left_child=4 2 3 -2 8 -4 10 -8 9 -1 -6 12 -3 -13
right_child=1 11 5 -5 6 -7 7 -9 -10 -11 -12 13 -14 -15
leaf_value=-0.076916379682323413 0.019124923299162176 0.13540084700784313 -0.04264170136487265 0.12850994198019025 0.24743962613889714 0.0019301760029494634 -0.074447439048332065 -0.0073221813771341768 0.15980785388693414 -0.048905129337868079 0.14492153164801766 0.14181277324537658 0.16831803554965083 0.11761857802595312
leaf_weight=4134.2953318655491 29397.69079183042 109.10067595541477 6129.0606439635158 775.79001929610968 30.700443655252457 7811.5573461428285 773.28601904213428 4054.9332672655582 40.784779384732246 3438.4418048560619 86.712247803807259 72.208151146769524 129.30496495962143 835.60285997390747
leaf_count=27047 130684 460 27306 3633 143 35062 3944 18393 170 19190 364 308 521 4021
internal_value=0.000244686 0.0123924 0.0094229 0.0219385 -0.0435307 -0.0176642 -0.0135575 -0.0180794 -0.062997 -0.0642018 0.172074 0.12665 0.153408 0.119583
internal_weight=57819.5 45260.3 44114.1 30173.5 12559.2 13940.6 4945.63 4828.22 7613.52 7572.74 117.413 1146.22 238.406 907.811
internal_count=271246 201995 196685 134317 69251 62368 22844 22337 46407 46237 507 5310 981 4329
is_linear=0
shrinkage=0.0805615


Tree=17
num_leaves=16
num_cat=0
split_feature=4 0 4 11 13 13 24 4 27 11 4 4 0 8 1
split_gain=4409.02 1855.33 1219.51 1095.61 1074.11 1024.94 831.929 704.441 548.261 511.987 453.064 383.85 252.471 7.0816 3.94446
threshold=-0.21005186170957066 0.61773896694836605 1.3652213814563967 0.92473835148368699 -0.93180207587540143 1.0713772353766335 1.0000000180025095e-35 0.57732742027742501 1.0000000180025095e-35 0.92944601698410001 2.1524478579601509 2.1536452097397949 -0.99937549371738932 -0.87188122337659058 -0.51744689972239211
decision_type=2 2 2 2 2 2 2 2 2 2 2 2 2 2 2
left_child=1 4 3 7 12 -6 8 -2 -3 -5 14 -12 -1 -8 -4
right_child=2 6 10 9 5 -7 13 -9 -10 -11 11 -13 -14 -15 -16
leaf_value=-0.077372774331022076 0.12447462233018765 -0.013899979839617846 0.14007338498272975 -0.085944332678111926 0.2054389994054697 -0.021043232776959943 0.15377278916628936 0.017905629526129181 0.030516579505379577 -0.01185644939388057 0.033316864662184704 0.077302563659329249 -0.048324082309885552 0.1267843727688911 0.11817129462896463
leaf_weight=2705.8235301077366 413.12937710434198 4562.5437577515841 84.339238315820694 698.55028387904167 131.54148899018764 8808.133467130363 148.27300021052361 15813.567571282387 2982.4397713243961 4548.0972499102354 7398.266591578722 1560.6903796344995 6926.2749704644084 152.88246123492718 385.40642150491476
leaf_count=18741 1942 18837 361 3072 581 44046 603 71633 12368 20447 33938 8166 34003 669 1839
internal_value=0.000220191 -0.0239445 0.0208792 0.0102727 -0.0378215 -0.0177063 0.00889901 0.020621 0.0036538 -0.0217268 0.0450319 0.0409829 -0.0564877 0.140191 0.12218
internal_weight=57320 26417.9 30902 21473.3 18571.8 8939.67 7846.14 16226.7 7544.98 5246.65 9428.7 8958.96 9632.1 301.155 469.746
internal_count=271246 129848 141398 97094 97371 44627 32477 73575 31205 23519 44304 42104 52744 1272 2200
is_linear=0
shrinkage=0.0805615


Tree=18
num_leaves=15
num_cat=0
split_feature=0 1 1 1 8 32 30 10 20 0 12 4 1 4
split_gain=3821.81 2348.97 2220.1 2777.73 1309.72 1010.63 942.22 631.596 522.798 2457.64 123.771 59.833 10.3979 5.94869
threshold=-0.67598657283223329 -0.51744689972239211 -0.4070088936994854 -0.4069689470163062 -0.88376372093892519 1.0000000180025095e-35 1.0000000180025095e-35 -0.88863954784214383 1.0000000180025095e-35 -0.67613665567624237 3.8531550044111627 -0.21005186170957066 -0.51744689972239211 -0.1298990345509794
decision_type=2 2 2 2 2 2 2 2 2 2 2 2 2 2
left_child=6 4 11 -4 5 -2 8 -6 10 -10 -1 -3 -8 -14
right_child=1 2 3 -5 7 -7 12 -9 9 -11 -12 -13 13 -15
leaf_value=-0.072052042335365205 -0.0469757691372975 0.1311896727784897 -0.11127701320488213 0.024976193870238483 -0.013911490919285275 0.0064042557500489788 0.22283417303373171 0.022600919511476525 0.20058812709980525 -0.052572324459351991 0.01627972592118784 0.10059123371013601 0.17906591239205386 0.13611250090048388
leaf_weight=5035.0441511422396 7417.7700025886297 691.11328745633364 1014.6658830195665 22541.348479256034 5178.855549454689 3336.4161432683468 17.511120766401291 7565.9316368550062 277.54817405343056 2402.4432747364044 104.56576439738274 1084.7335063591599 40.068959921598434 75.235727444291115
leaf_count=33376 33734 3189 4513 104225 22914 13651 78 33156 1256 13122 480 7062 170 320
internal_value=0.000202404 0.0086373 0.0256556 0.0191057 -0.00970726 -0.0304125 -0.0515873 0.00776192 -0.0552043 -0.0263401 -0.0702494 0.112519 0.16109 0.151363
internal_weight=56783.3 48830.8 25331.9 23556 23499 10754.2 7952.42 12744.8 7819.6 2679.99 5139.61 1775.85 132.816 115.305
internal_count=271246 222444 118989 108738 103455 47385 48802 56070 48234 14378 33856 10251 568 490
is_linear=0
shrinkage=0.0805615


Tree=19
num_leaves=16
num_cat=0
split_feature=9 0 1 8 0 22 8 24 23 8 1 1 1 0 1
split_gain=3529.15 1575.8 1274.08 968.153 931.751 682.594 663.31 594.467 492.68 413.915 352.739 313.13 690.109 5.26018 3.6557
threshold=-0.91269425987561126 -0.029127631987304749 1.1394726757574245 -0.88376372093892519 0.61773896694836605 1.0000000180025095e-35 -0.88376372093892519 1.0000000180025095e-35 1.0000000180025095e-35 1.129907725587735 -0.51744689972239211 1.6914041045085459 1.6915292759881513 -0.35258457906176616 1.4722152428505428
decision_type=2 2 2 2 2 2 2 2 2 2 2 2 2 2 2
left_child=1 8 4 5 6 -3 -2 -6 10 -5 -1 14 -13 -10 -4
right_child=2 3 11 9 7 -7 -8 -9 13 -11 -12 12 -14 -15 -16
leaf_value=-0.065683428100611355 -0.024345341965447399 -0.034627982552563476 0.099644663781898749 0.13267908321681829 0.021265272251457672 0.14532559699439745 0.00948339546844457 0.11905043080582414 0.17797172213802381 0.012456839080388108 -0.034488331537129678 -0.061139541377707482 0.046421284453218505 0.12567618853755072 0.11561195806125732
leaf_weight=5215.2128911837935 6725.6688496544957 5446.3607164025307 329.538803383708 191.84641656279564 11344.845682881773 140.21582788228989 8535.0380399227142 418.47063913196325 20.145834475755692 5967.0511620491743 4295.9638694673777 409.95004191994667 6880.8919167369604 69.683824062347412 184.76027098298073
leaf_count=35132 30700 23903 1578 868 51776 605 39284 2073 86 25612 23610 1887 32921 322 889
internal_value=0.000181659 -0.0256105 0.0159902 -0.00581813 0.00770823 -0.0301049 -0.00542377 0.0247468 -0.0498206 0.0162074 -0.0515966 0.0446616 0.0403691 0.137821 0.105447
internal_weight=56175.6 21346.5 34829.2 11745.5 27024 5586.58 15260.7 11763.3 9601.01 6158.9 9511.18 7805.14 7290.84 89.8297 514.299
internal_count=271246 110138 161108 50988 123833 24508 69984 53849 59150 26480 58742 37275 34808 408 2467
is_linear=0
shrinkage=0.0805615


Tree=20
num_leaves=16
num_cat=0
split_feature=4 13 27 13 4 1 32 27 13 13 32 7 28 4 8
split_gain=3123.4 1844.03 1402.74 978.189 794.499 766.786 518.249 516.996 329.898 438.279 155.58 127.222 73.3878 34.5627 0.408764
threshold=-0.99654282960002727 -0.93180207587540143 1.0000000180025095e-35 1.0713772353766335 1.3652213814563967 -0.51744689972239211 0.0038062382929137111 0.99954344554547603 -0.93180207587540143 1.0713772353766335 0.9992386567086321 -0.9871923519886846 0.99982394256570206 -0.20715841344116789 0.48137692113175096
decision_type=2 2 2 2 2 2 2 2 2 2 2 2 2 2 2
left_child=6 2 4 13 -2 -5 8 -4 12 -10 14 -12 -1 -3 -8
right_child=1 3 7 5 -6 -7 10 -9 9 -11 11 -13 -14 -15 -16
leaf_value=-0.055773860849215547 -0.027704003119182703 0.16869573966015561 0.1197854852945983 0.0052262821216259771 0.018203386809971064 0.033678914023523278 0.16671111663850163 0.026214060332363856 0.19667447951741435 -0.032783944237520714 -0.045079643137440055 0.010571400182150147 -0.081224014973335756 0.11877423297227868 0.13327497160997259
leaf_weight=3976.415593624115 13012.070486471057 118.57493485510349 444.50086695700884 10849.953983217478 3012.5134904384613 14190.756609298289 23.458215117454529 2791.1252666190267 54.637283027172089 4205.7642708569765 338.1474993377924 1258.7678458243608 910.39634499698877 436.19363231211901 20.795698255300522
leaf_count=23787 60547 512 2163 48259 14098 68691 98 12633 242 23661 1401 5229 7678 2156 91
internal_value=0.000166693 0.00952774 -0.00930134 0.0236974 -0.019072 0.0213517 -0.0387518 0.0390791 -0.046231 -0.0298321 0.00291801 -0.00119677 -0.0605217 0.129511 0.151821
internal_weight=55644.1 44855.7 19260.2 25595.5 16024.6 25040.7 10788.4 3235.63 9147.21 4260.4 1641.17 1596.92 4886.81 554.769 44.2539
internal_count=271246 209059 89441 119618 74645 116950 62187 14796 55368 23903 6819 6630 31465 2668 189
is_linear=0
shrinkage=0.0805615


Tree=21
num_leaves=16
num_cat=0
split_feature=0 8 8 27 2 10 0 20 30 1 4 4 4 3 3
split_gain=2906.99 2038.94 1345.71 1298.74 1407.63 972.862 808.634 694.699 359.68 96.9806 49.9979 38.3936 4.60976 4.56129 0.42875
threshold=-0.99937549371738932 -0.88376372093892519 1.129907725587735 1.0000000180025095e-35 -0.45526289857285479 -0.88863954784214383 1.5878728299635265 1.0000000180025095e-35 1.0000000180025095e-35 -0.51744689972239211 -0.16893375550284029 -0.17870859697762384 -0.1298990345509794 1.1479287755544345 -0.056782960617724094
decision_type=2 2 2 2 2 2 2 2 2 2 2 2 2 2 2
left_child=7 3 10 4 -2 -4 -5 8 9 -1 -3 13 -10 -9 -13
right_child=1 2 5 6 -6 -7 -8 11 12 -11 -12 14 -14 -15 -16
leaf_value=-0.076554081874112861 -0.037656424138021408 0.1634700668036656 -0.0019937244343227493 0.12404796852903445 0.0045427284251496492 0.03091524440764724 0.017091839327186092 0.29966929536272741 0.19492221580919258 -0.053186159012186443 0.11666925475031484 0.16531559539796023 0.13478052715407654 0.21654426409914085 0.12763495866278021
leaf_weight=2513.3374937996268 11490.883909001946 220.9357518851757 9302.846888333559 527.20055008679628 9266.0480990707874 15611.024984337389 3540.8220055401325 18.267755463719372 20.272917434573174 2153.3361809775233 485.97917000204325 12.884183734655378 24.758053332567215 11.390776857733725 23.046842977404594
leaf_count=20534 53958 971 43191 2550 44209 74258 15591 95 88 13203 2474 56 109 50 100
internal_value=0.000105693 0.00579432 0.0217375 -0.0106589 -0.0188171 0.0186259 0.0309613 -0.0599568 -0.0635868 -0.0657782 0.131348 0.200208 0.16269 0.269172 0.142164
internal_weight=55223 50445.7 25620.8 24825 20756.9 24913.9 4068.02 4777.29 4711.7 4666.67 706.915 65.5896 45.031 29.6585 35.931
internal_count=271437 237202 120894 116308 98167 117449 18141 34235 33934 33737 3445 301 197 145 156
is_linear=0
shrinkage=0.0805615


Tree=22
num_leaves=15
num_cat=0
split_feature=0 21 8 0 1 0 18 22 19 20 4 1 22 4
split_gain=2587.96 2077.11 1505.64 1137.02 848.125 673.167 1442.11 504.65 324.686 131.745 125.757 28.9002 7.2472 5.02375
threshold=-0.35258457906176616 1.0000000180025095e-35 -0.88376372093892519 0.61773896694836605 -0.51744689972239211 -1.3227564312062514 1.0000000180025095e-35 1.0000000180025095e-35 0.004526851933832011 0.0087113770420704246 -0.17870859697762384 -0.51744689972239211 1.0000000180025095e-35 -0.20232284596265518
decision_type=2 2 2 2 2 2 2 2 2 2 2 2 2 2
left_child=5 2 3 -2 -4 8 7 -7 9 -1 -8 12 -3 -13
right_child=1 11 4 -5 -6 6 10 -9 -10 -11 -12 13 -14 -15
leaf_value=-0.069732075989700201 -0.028145637237723578 0.12882116216181089 0.0058910408723992762 0.0095061187228988632 0.037726930062541894 -0.030098887881058741 0.27857432625584982 0.14209458364089858 0.32811945255115177 0.18815262137327993 0.14311298282554752 0.12402054438914491 0.16026971815881982 0.10874745545622932
leaf_weight=3018.0981132984161 10415.714797139168 104.64017701148987 11472.924759805202 10404.23265324533 10316.979694932699 7789.5744663700461 76.390637174248695 111.93919107317924 13.36445978283882 12.798909738659857 110.5364593565464 237.81692656874657 124.9224357008934 592.62381957471371
leaf_count=23694 48512 458 50317 46507 51565 44048 387 482 75 56 489 1117 505 3225
internal_value=9.4867e-05 0.00893463 0.00616268 -0.00932885 0.0209659 -0.0345779 -0.0224192 -0.0276549 -0.0668731 -0.0686303 0.19869 0.120328 0.146092 0.113163
internal_weight=54802.6 43669.9 42609.9 20819.9 21789.9 11132.7 8088.44 7901.51 3044.26 3030.9 186.927 1060 229.563 830.441
internal_count=271437 202206 196901 95019 101882 69231 45406 44530 23825 23750 876 5305 963 4342
is_linear=0
shrinkage=0.0805615


Tree=23
num_leaves=16
num_cat=0
split_feature=9 12 0 9 13 13 0 13 27 0 2 2 4 0 8
split_gain=2455.92 1103.41 1086.9 893.708 828.872 693.712 687.477 638.723 363.014 138.573 93.0849 95.6959 59.883 39.4249 4.0803
threshold=-0.91269425987561126 1.0000000180025095e-35 0.61773896694836605 1.0942824407785252 -0.93180207587540143 -0.93180207587540143 0.93783076782270969 1.0713772353766335 1.0000000180025095e-35 -1.3227564312062514 -0.45526289857285479 -0.19630092248074327 2.1536452097397949 -1.2721887020894174 -0.87188122337659058
decision_type=2 2 2 2 2 2 2 2 2 2 2 2 2 2 2
left_child=2 3 5 13 -5 9 14 -7 -8 -1 12 -12 -3 -2 -4
right_child=1 10 6 4 -6 7 8 -9 -10 -11 11 -13 -14 -15 -16
leaf_value=-0.075048047745388632 0.25329927838923089 0.031691885855454897 0.13670774407287653 -0.0087160641738896431 0.018407126312501437 0.15704546605581018 -0.015788009791505662 -0.019743551559062603 0.026089960953381137 -0.046381971809506962 0.098463439238719502 0.056074006659168535 0.061898946632029675 0.12840783266042022 0.11533661433803585
leaf_weight=1354.5253486037254 17.779865905642509 1372.5600778311491 137.11955915391445 12988.870139822364 16729.552162215114 135.06509174406528 3438.5584884658456 7112.9672002345324 2204.6574339643121 5799.818603977561 453.31186713278294 1493.7455615028739 622.96836340427399 339.3941355869174 165.88966564834118
leaf_count=12690 86 7106 598 59507 78299 616 14773 38552 9580 32662 2594 8441 3503 1615 815
internal_value=8.62264e-05 0.0133295 -0.0220521 0.00807519 0.00655162 -0.0340159 0.00692082 -0.0164441 0.000567853 -0.0518137 0.0534038 0.0659599 0.0411374 0.134743 0.125124
internal_weight=54366.8 34018.2 20348.6 30075.6 29718.4 14402.4 5946.23 7248.03 5643.22 7154.34 3942.59 1947.06 1995.53 357.174 303.009
internal_count=271437 161151 110286 139507 137806 84520 25766 39168 24353 45352 21644 11035 10609 1701 1413
is_linear=0
shrinkage=0.0805615


Tree=24
num_leaves=15
num_cat=0
split_feature=0 4 8 8 27 20 4 4 21 12 4 3 4 3
split_gain=2158.48 1731.14 1404.34 1099.88 992.054 509.903 389.144 269.846 202.986 117.77 13.0833 2.35302 1.65861 0.0834983
threshold=-0.99937549371738932 1.3652213814563967 -0.88376372093892519 1.129907725587735 1.0000000180025095e-35 1.0000000180025095e-35 2.1524478579601509 2.1536452097397949 1.0000000180025095e-35 3.8531550044111627 -0.17870859697762384 -0.59434734042376458 -0.1298990345509794 1.1479287755544345
decision_type=2 2 2 2 2 2 2 2 2 2 2 2 2 2
left_child=5 2 4 -4 -2 8 11 -8 9 -1 13 -3 -10 -7
right_child=1 6 3 -5 -6 10 7 -9 12 -11 -12 -13 -14 -15
leaf_value=-0.061441800868911677 -0.025113831186598125 0.13149796899841013 0.12984723302873838 0.0097873481018138694 0.022360131292428961 0.21754927851496966 0.027288419838758307 0.066775046746109359 0.18673060254100263 0.02487123616962205 0.12778768209010966 0.11045889763861098 0.13144576614768319 0.17468577678797023
leaf_weight=4137.4831629395485 16903.259047567844 58.494235262274742 507.72107169032097 20107.518018215895 3437.158739104867 21.466671764850616 6891.3570174947381 1343.6652330830693 13.516809850931169 104.71528721600771 33.440475329756737 358.97410743683577 13.923705816268919 11.953196138143538
leaf_count=33314 80992 266 2550 94852 15225 95 33301 8085 57 500 156 1931 63 50
internal_value=8.015e-05 0.00484521 -0.00207136 0.0127459 -0.0170902 -0.0544236 0.0375871 0.033735 -0.0578861 -0.0593044 0.166132 0.113491 0.160027 0.203381
internal_weight=53944.6 49608.1 40955.7 20615.2 20340.4 4336.5 8652.49 8235.02 4269.64 4242.2 66.8603 417.468 27.4405 33.4199
internal_count=271437 237202 193619 97402 96217 34235 43583 41386 33934 33814 301 2197 120 145
is_linear=0
shrinkage=0.0805615


Tree=25
num_leaves=16
num_cat=0
split_feature=0 0 0 0 23 1 1 8 4 1 4 8 0 4 4
split_gain=1969.41 2057.14 1015.59 1482.1 949.298 809.571 1504.8 689.038 262.94 29.1584 14.244 6.04672 5.55344 3.35989 0.905208
threshold=-0.029127631987304749 0.29146461745702085 0.61773896694836605 0.93783076782270969 1.0000000180025095e-35 -0.51744689972239211 -0.4070088936994854 -0.88376372093892519 -0.97498825274457379 -0.51744689972239211 -0.17396271676152539 -0.77918191006621484 -0.35563537641450893 0.36591931415346329 -0.94528430540064579
decision_type=2 2 2 2 2 2 2 2 2 2 2 2 2 2 2
left_child=4 9 7 -4 5 8 -7 -3 -1 11 -11 -2 13 -6 -14
right_child=1 2 3 -5 12 6 -8 -9 -10 10 -12 -13 14 -15 -16
leaf_value=-0.063936189757294523 0.16045907462909531 -0.02671267419744653 0.11408772786747749 0.014083122656944872 0.17466816257969811 0.13689456078261175 -0.016494465614098897 0.0073126646917856739 -0.032967334376590732 0.12995499246308748 0.10572088115876187 0.13087349478224938 0.13487304330835057 0.12539188774286744 0.10930205610539327
leaf_weight=2891.7086376771331 106.9073075056076 7134.6027894765139 1012.9493115842342 19075.697446867824 18.717893615365028 436.28358122706413 8514.1995009481907 8420.9665591195226 4643.6815460175276 227.83157035708427 656.6168300434947 114.88599802553654 21.272803738713264 39.049112901091576 228.41946982592344
leaf_count=25352 437 33056 5327 88978 79 2204 44660 39115 25359 1014 3809 509 92 182 1264
internal_value=7.47271e-05 0.0105195 0.00716075 0.0191274 -0.0227809 -0.0253982 -0.00901371 -0.00829142 -0.0448557 0.118711 0.112003 0.145298 0.117446 0.141999 0.111623
internal_weight=53543.8 36750.5 35644.2 20088.6 16793.3 16485.9 8950.48 15555.6 7535.39 1106.24 884.448 221.793 307.459 57.767 249.692
internal_count=271437 172245 166476 94305 99192 97575 46864 72171 50711 5769 4823 946 1617 261 1356
is_linear=0
shrinkage=0.0805615


Tree=26
num_leaves=16
num_cat=0
split_feature=4 1 1 1 4 4 11 0 0 4 4 21 0 0 1
split_gain=1859.85 891.312 2051.14 1108.35 749.265 796.664 677.162 526.017 397.021 382.483 260.686 125.139 54.3713 9.73459 2.56406
threshold=-0.21005186170957066 -0.51744689972239211 -0.4070088936994854 -0.4069689470163062 1.3652213814563967 0.57732742027742501 0.92473835148368699 -0.029127631987304749 0.29146461745702085 2.1524478579601509 2.1536452097397949 1.0000000180025095e-35 -0.35258457906176616 -0.35258457906176616 -0.51744689972239211
decision_type=2 2 2 2 2 2 2 2 2 2 2 2 2 2 2
left_child=1 7 12 -4 5 13 -7 11 -9 14 -11 -1 -3 -2 -6
right_child=4 2 3 -5 9 6 -8 8 -10 10 -12 -13 -14 -15 -16
leaf_value=-0.057866100266730031 0.14519528498436454 0.1787244999759659 -0.097027548212106671 -0.00059756603830989096 0.12641113292057218 0.011698703893242016 -0.022420617966172389 0.15140017719134263 -0.01985985657570008 0.023711178750649688 0.063080501486017793 -0.026936418858295542 0.12126898366195057 0.11221333442219772 0.10679056796142965
leaf_weight=3913.1042590588331 82.05963721871376 134.50598153471947 844.81502203643322 9175.3376179113984 74.855596959590912 15084.192997917533 5035.2161350399256 88.715988978743553 8151.5364881157875 6923.6114287674427 1297.3762183263898 1089.2059767767787 585.28239214420319 309.19468601793051 326.01348040252924
leaf_count=32511 365 572 5330 45051 354 71653 23419 367 35696 33897 8172 7546 2972 1657 1875
internal_value=7.39807e-05 -0.0165404 0.000702754 -0.00873101 0.0137523 0.00537405 0.00315837 -0.0305269 -0.0180116 0.0336799 0.0299279 -0.0511374 0.132058 0.119222 0.110541
internal_weight=53115 23982.5 10739.9 10020.2 29132.5 20510.7 20119.4 13242.6 8240.25 8621.86 8220.99 5002.31 719.788 391.254 400.869
internal_count=271437 130045 53925 50381 141392 97094 95072 76120 36063 44298 42069 40057 3544 2022 2229
is_linear=0
shrinkage=0.0805615


Tree=27
num_leaves=16
num_cat=0
split_feature=13 13 27 0 9 1 0 9 6 2 10 0 4 2 4
split_gain=1740.86 1148.73 1022.12 835.346 809.647 686.847 608.935 509.796 233.37 113.839 97.103 39.1876 17.9082 12.9531 6.29948
threshold=-0.93180207587540143 1.0713772353766335 1.0000000180025095e-35 -0.99937549371738932 -0.91269425987561126 -0.51744689972239211 1.5878728299635265 1.0942824407785252 -0.35214873861290713 -0.45386805869482649 -0.8785395798229535 -0.99937549371738932 -0.20715841344116789 -0.45386805869482649 -0.18310774229993632
decision_type=2 2 2 2 2 2 2 2 2 2 2 2 2 2 2
left_child=2 11 4 9 8 -5 14 -6 -1 -3 -8 13 -13 -2 -4
right_child=1 3 6 5 7 -7 10 -9 -10 -11 -12 12 -14 -15 -16
leaf_value=-0.0288148975590935 0.27452488723590696 -0.066247023847871525 0.12946950875547575 0.00055848721351720791 0.12860162609115511 0.026382307563974576 -0.0051198161818797067 -0.011910928516314614 -0.05613998754672634 -0.024584389919473721 0.023358377009829602 0.14465379100145095 0.1103871995073618 0.17086074305510154 0.10656175989463068
leaf_weight=3933.5724073126912 11.806682363152502 777.30950580537319 132.61901772022247 12428.529534898698 169.94758353382349 14469.309500172734 1360.1545457020402 11601.412897713482 4202.4645599722862 947.7725405395031 1808.4642546921968 147.82286694645882 366.32694062590599 37.898624397814274 292.81588154286146
leaf_count=24676 60 6544 596 57401 897 73575 5880 54693 27225 6612 8716 657 2035 170 1700
internal_value=6.84761e-05 0.0132093 -0.0162501 0.0109649 -0.0233895 0.0144511 0.0232867 -0.00987931 -0.0429327 -0.0433749 0.0111253 0.12708 0.120308 0.196339 0.113785
internal_weight=52688.2 29186.8 23501.5 28622.9 19907.4 26897.8 3594.05 11771.4 8136.04 1725.08 3168.62 563.855 514.15 49.7053 425.435
internal_count=271437 147054 124383 144132 107491 130976 16892 55590 51901 13156 14596 2922 2692 230 2296
is_linear=0
shrinkage=0.0805615


Tree=28
num_leaves=15
num_cat=0
split_feature=0 1 8 32 8 1 1 20 30 1 1 4 4 1
split_gain=1527.91 1274.94 1189.8 686.801 629.31 447.016 686.289 417.826 256.225 93.3128 8.74769 8.15428 1.1885 0.192619
threshold=-0.99937549371738932 1.1394726757574245 -0.88376372093892519 1.0000000180025095e-35 1.129907725587735 1.6914041045085459 1.6915292759881513 1.0000000180025095e-35 1.0000000180025095e-35 -0.51744689972239211 1.4722152428505428 -0.17870859697762384 -0.063866369576102255 -0.42310104018160277
decision_type=2 2 2 2 2 2 2 2 2 2 2 2 2 2
left_child=7 2 3 -2 -4 10 -7 8 9 -1 -3 13 -10 -9
right_child=1 5 4 -5 -6 6 -8 11 12 -11 -12 -13 -14 -15
leaf_value=-0.066856156884642928 -0.026724084006207242 0.091882146165274126 0.12475325694307751 0.0072953702763358603 0.0091949050447811351 -0.062785035482611634 0.031887347071335517 0.21589042471744854 0.16515752082709123 -0.041539157325018394 0.1137802866917246 0.12355671680089601 0.12524325233219061 0.17252111582834265
leaf_weight=1906.6851959824562 13629.192825332284 364.91140472888947 310.6196174621582 5367.0292525291443 19889.98053316772 529.08328173309565 8126.8825502172112 10.550463587045668 19.241541087627411 1892.4462503865361 204.49562949687243 28.759944014251232 23.360445275902748 22.771912969648838
leaf_count=20564 68187 1903 1705 23890 96379 2478 41379 49 83 13270 1084 141 111 96
internal_value=-0.000203627 0.00370463 -0.0026366 -0.0171111 0.0109735 0.0306501 0.0260971 -0.0486873 -0.052044 -0.0542532 0.0998061 0.158437 0.144123 0.18744
internal_weight=52326 48422.2 39196.8 18996.2 20200.6 9225.37 8655.97 3903.82 3841.73 3799.13 569.407 62.0823 42.602 33.3224
internal_count=271319 237005 190161 92077 98084 46844 43857 34314 34028 33834 2987 286 194 145
is_linear=0
shrinkage=0.0805615


Tree=29
num_leaves=16
num_cat=0
split_feature=12 13 13 27 0 7 0 22 22 26 0 4 13 4 1
split_gain=1477.26 1241.49 884.504 693.191 602.54 552.293 464.031 88.5539 194.645 62.34 33.928 21.2102 23.1209 11.3337 3.89806
threshold=1.0000000180025095e-35 -0.93180207587540143 1.0713772353766335 1.0000000180025095e-35 -0.35258457906176616 -0.83953881216631954 1.5878728299635265 0.99992052104767615 1.0000000180025095e-35 0.99994697439931646 -1.3227564312062514 2.1536452097397949 -0.80577948138651279 2.9405694575047288 -0.51744689972239211
decision_type=2 2 2 2 2 2 2 2 2 2 2 2 2 2 2
left_child=1 3 10 5 -4 -1 -5 8 9 -2 -3 12 -9 -13 -10
right_child=7 2 4 6 -6 -7 -8 11 14 -11 -12 13 -14 -15 -16
leaf_value=-0.059791426315996467 0.044936071529121928 0.2392892439132463 -0.021225861133182825 0.11348279810028139 0.011379807570404601 -0.019059329426256238 0.0066059726858446813 -0.058214421177377955 0.12862998025762168 0.011440924089126144 0.12437520860835914 0.10239253009237508 0.0028606397732453383 0.020482072029821337 0.10052511804363123
leaf_weight=2499.3536110892892 3498.922484677285 18.108666881918907 4456.270518116653 291.31039156764746 21060.61306977272 15977.852457694709 2780.7484306171536 55.818986974656582 46.188876122236252 404.64900934696198 358.75440853089094 12.956640005111693 140.94048774987459 81.94609460234642 302.58732442557812
leaf_count=15934 20201 87 28246 1536 99522 85245 12585 268 207 2275 1818 81 719 509 2086
internal_value=-0.000189285 -0.00439267 0.00749522 -0.0186785 0.00568444 -0.0245707 0.0167516 0.0436907 0.0466362 0.0414712 0.130007 0.000652521 -0.0143386 0.0320122 0.104347
internal_weight=51987 47443 25893.7 21549.3 25516.9 18477.2 3072.06 4544.01 4252.35 3903.57 376.863 291.662 196.759 94.9027 348.776
internal_count=271319 244973 129673 115300 127768 101179 14121 26346 24769 22476 1905 1577 987 590 2293
is_linear=0
shrinkage=0.0805615


Tree=30
num_leaves=16
num_cat=0
split_feature=4 12 4 0 13 13 2 2 2 0 0 0 22 15 0
split_gain=1358.67 944.939 840.346 751.708 269.793 256.569 182.156 85.8876 154.833 84.7976 288.967 62.2541 51.328 28.6372 6.45627
threshold=-0.99654282960002727 1.0000000180025095e-35 -0.21106916423776978 0.61773896694836605 -0.92358281380732088 1.0713772353766335 -0.45526289857285479 -0.45526289857285479 -0.19630092248074327 -1.3227564312062514 -1.0100604815823802 -0.62742350104420641 0.99992052104767615 1.0000000180025095e-35 -0.89950115606009051
decision_type=2 2 2 2 2 2 2 2 2 2 2 2 2 2 2
left_child=4 2 11 -4 9 14 -7 12 -9 13 -11 -2 -3 -1 -6
right_child=1 7 3 -5 5 6 -8 8 -10 10 -12 -13 -14 -15 -16
leaf_value=-0.073644767904137307 0.2778837418266385 0.03297731441766269 -0.0080767752356595314 0.015199557114794074 0.19753320189664841 -0.028162422324601057 0.00562218630564045 0.093104340974650812 0.040991644263615484 0.35325153504978279 -0.037880515959282032 0.15802686047874723 -0.025210074727253142 -0.037619986373434514 0.13223702139293492
leaf_weight=625.42635226249695 38.191193707287312 2238.220190666616 22949.55524160713 14819.292425483465 16.681452170014381 2966.9012057483196 1589.3889528736472 480.66436206549406 1628.4154316037893 12.22513050585985 3872.2350645437837 119.64827002584934 102.33117318898439 190.69405367225409 43.473006434738636
leaf_count=8197 193 12734 111963 70021 74 17260 9862 3049 10046 74 24103 528 517 2491 207
internal_value=-0.000170743 0.00595285 0.0018315 0.0010554 -0.0280253 -0.0141827 -0.0163712 0.0410748 0.0528836 -0.041614 -0.036637 0.187297 0.030421 -0.0652643 0.15098
internal_weight=51693.3 42376.3 37926.7 37768.8 9317.03 4616.44 4556.29 4449.63 2109.08 4700.58 3884.46 157.839 2340.55 816.12 60.1545
internal_count=271319 209051 182705 181984 62268 27403 27122 26346 13095 34865 24177 721 13251 10688 281
is_linear=0
shrinkage=0.0805615


Tree=31
num_leaves=15
num_cat=0
split_feature=9 9 2 2 8 8 8 32 1 32 1 29 28 29
split_gain=1195.39 811.18 717.284 2577.01 669.48 824.801 482.074 341.04 258.886 251.048 215.577 75.5373 13.529 8.41287
threshold=-0.91269425987561126 1.0942824407785252 -0.45526289857285479 -0.32624812950871745 -0.88376372093892519 1.129907725587735 -0.88376372093892519 1.0000000180025095e-35 1.8020213514898062 1.0000000180025095e-35 2.7959729721480975 0.60585124168590077 0.99982394256570206 0.99565599290519591
decision_type=2 2 2 2 2 2 2 2 2 2 2 2 2 2
left_child=4 12 6 -4 8 11 -3 -7 9 -1 -10 -6 13 -2
right_child=1 2 3 -5 5 7 -8 -9 10 -11 -12 -13 -14 -15
leaf_value=-0.042934142879096644 0.10930503099500485 -0.01566962359979544 0.12493565453456464 0.0095454109053823843 0.13159235658742852 -0.012737802704376829 0.0094251082141785496 0.0260928492160835 0.071645720794483586 -0.0067450220566688847 -0.013622921685925427 0.27848351147130423 0.20273191453217027 0.14560875662508599
leaf_weight=6821.752432089299 387.13991447538137 8879.8389817848802 1425.2982715405524 10586.500775258988 209.03157079219818 7211.9601596742868 11277.711039606482 1842.7581004053354 243.65773669630289 1523.9048867672682 913.682891279459 25.983356706798077 12.280546113848684 53.127248868346214
leaf_count=46372 2354 41142 7467 53631 1141 42221 56192 8395 1151 6477 4335 137 55 249
internal_value=-0.000158569 0.00916438 0.0076566 0.0232403 -0.0163435 -0.000961365 -0.00162832 -0.00483208 -0.0313775 -0.0363295 0.00430792 0.148017 0.116269 0.113768
internal_weight=51414.6 32621.9 32169.3 12011.8 18792.7 9289.73 20157.6 9054.72 9503 8345.66 1157.34 235.015 452.548 440.267
internal_count=271319 161090 158432 61098 110229 51894 97334 50616 58335 52849 5486 1278 2658 2603
is_linear=0
shrinkage=0.0805615


Tree=32
num_leaves=14
num_cat=0
split_feature=0 19 13 13 27 20 30 1 9 1 1 1 10
split_gain=1167.98 1274.56 973.197 709.145 545.144 349.165 215.082 90.9938 84.1673 34.3645 15.4739 4.29655 0.731481
threshold=-0.99937549371738932 1.0000000180025095e-35 -0.93180207587540143 1.0713772353766335 1.0000000180025095e-35 1.0000000180025095e-35 1.0000000180025095e-35 -0.51744689972239211 -0.91269425987561126 -0.51744689972239211 -0.51744689972239211 -0.51011489040244329 -0.74070956610753613
decision_type=2 2 2 2 2 2 2 2 2 2 2 2 2
left_child=5 2 4 -4 -2 6 7 -1 9 -3 -10 -7 -13
right_child=1 8 3 -5 -6 11 -8 -9 10 -11 -12 12 -14
leaf_value=-0.063138905034617054 -0.016889494040984755 0.3040455338037511 0.11242794945637746 0.01059443131237384 0.018086632986319139 0.19348753058944232 0.13611611433990042 -0.037075633057626026 0.19384142022385795 0.1948921570048226 0.12721204411524145 0.14909154366984817 0.11569195644533121
leaf_weight=1710.8275876380503 17161.755487695336 27.973684839904308 451.50868758186698 26094.968771144748 3477.5711727663875 13.315792068839071 40.706403151154518 1785.1596903130412 28.093636721372604 70.001087211072445 191.96215000748634 24.269437573850155 22.793362766504288
leaf_count=20564 86045 149 2660 129907 16875 56 194 13270 122 320 927 110 120
internal_value=-0.000141247 0.00320975 0.00212569 0.0123277 -0.0109949 -0.0444023 -0.0476886 -0.0498389 0.163932 0.226505 0.135894 0.147494 0.133667
internal_weight=51100.9 47503.8 47185.8 26546.5 20639.3 3597.07 3536.69 3495.99 318.031 97.9748 220.056 60.3786 47.0628
internal_count=271319 237005 235487 132567 102920 34314 34028 33834 1518 469 1049 286 230
is_linear=0
shrinkage=0.0805615


Tree=33
num_leaves=16
num_cat=0
split_feature=4 32 8 8 32 2 4 7 4 2 4 4 1 0 0
split_gain=1151.71 956.005 745.635 1096.44 599.758 545.417 353.014 304.156 187.453 122.565 41.476 5.90918 1.83204 0.856761 0.181719
threshold=1.3652213814563967 1.0000000180025095e-35 -0.88376372093892519 1.129907725587735 0.9992386567086321 -0.45526289857285479 2.1524478579601509 -1.1348426049892821 2.1536452097397949 -0.45526289857285479 2.9405694575047288 -0.21005186170957066 -0.51744689972239211 -0.029127631987304749 -0.35258457906176616
decision_type=2 2 2 2 2 2 2 2 2 2 2 2 2 2 2
left_child=1 2 5 -4 11 -1 12 -6 9 -8 -10 -3 13 -2 -14
right_child=6 4 3 -5 7 -7 8 -9 10 -11 -12 -13 14 -15 -16
leaf_value=-0.038797241921894328 0.15088302197262013 0.13030547394253283 0.1376557164809479 -0.0034819537833831386 -0.032948944452093246 -0.0086598479517442737 0.0095762508104559468 0.016687401541836743 0.09946678309539278 0.031663803272091152 0.048769337371705371 0.10757948261491801 0.11321838163973237 0.11411398675195551 0.099955599064315906
leaf_weight=8422.015147484839 11.399336263537405 143.6877156496048 365.13185124471784 16393.883500881493 879.55980502814054 7259.6824401170015 3918.6975664757192 8955.425255663693 118.01701436936855 2798.6537709012628 1032.0346687473357 228.37767237052321 51.852741457521915 60.804562240839005 229.18381663411856
leaf_count=48324 48 680 2001 87533 3953 40888 19503 42270 869 14410 7349 1335 269 321 1566
internal_value=-0.000132266 -0.00545488 -0.0122211 -0.000404837 0.0160472 -0.0248473 0.0274773 0.0122454 0.0239349 0.0187829 0.0540007 0.11645 0.10628 0.12042 0.102524
internal_weight=50868.4 42647.8 32440.7 16759 10207.1 15681.7 8220.64 9834.99 7867.4 6717.35 1150.05 372.065 353.24 72.2039 281.037
internal_count=271319 226984 178746 89534 48238 89212 44335 46223 42131 33913 8218 2015 2204 369 1835
is_linear=0
shrinkage=0.0805615


Tree=34
num_leaves=15
num_cat=0
split_feature=0 0 23 7 7 7 21 21 1 4 1 4 1 0
split_gain=1012.96 1787.56 752.753 658.649 1662.53 598.558 475.314 2396.68 285.714 18.0749 7.3183 3.57746 3.19436 1.08924
threshold=-0.029127631987304749 0.29146461745702085 1.0000000180025095e-35 -0.9871923519886846 -0.84321972740105522 -0.98728607444225613 1.0000000180025095e-35 0.99998909845057515 -0.51744689972239211 -0.20232284596265518 -0.51744689972239211 -0.94528430540064579 -0.51744689972239211 -0.35563537641450893
decision_type=2 2 2 2 2 2 2 2 2 2 2 2 2 2
left_child=2 9 6 5 -5 -3 8 -8 -1 12 -11 -4 -2 -13
right_child=1 3 11 4 -6 -7 7 -9 -10 10 -12 13 -14 -15
leaf_value=-0.042884016777434648 0.14553669590395882 -0.0080309244827244473 0.14550168781771242 0.1341408770305404 0.0052639973608639493 -0.082587707874261423 0.13456023634493317 -0.025425849609635266 -0.016770031260347196 0.12479387071184311 0.10190789179098528 0.12484091875892776 0.12392914953301505 0.10596726760396184
leaf_weight=4953.865373685956 87.266290567815304 2480.2129727452993 25.736402831971645 663.93503654375672 30108.368370186538 973.53119458258152 742.54150389879942 3345.4244406670332 6039.4965751096606 125.37393794953823 579.07607008516788 47.573293440043926 212.93736423552036 208.64820192754269
leaf_count=40288 371 11792 113 3322 146438 4533 3767 19088 34650 589 3842 237 1004 1285
internal_value=-0.000116059 0.00741097 -0.0173786 0.004301 0.00804576 -0.0290558 -0.0198186 0.00362898 -0.0285403 0.113326 0.10603 0.113012 0.13033 0.109607
internal_weight=50594 35230.7 15363.3 34226 30772.3 3453.74 15081.3 4087.97 10993.4 1004.65 704.45 281.958 300.204 256.221
internal_count=271319 171891 99428 166085 149760 16325 97793 22855 74938 5806 4431 1635 1375 1522
is_linear=0
shrinkage=0.0805615


Tree=35
num_leaves=16
num_cat=0
split_feature=6 6 0 30 8 4 6 34 0 4 0 8 4 1 4
split_gain=946.811 6241.04 789.266 651.086 487.018 446.643 365.61 954.117 288.36 244.227 160.222 153.2 140.21 37.6538 16.3678
threshold=0.56827597743448321 1.4885122780204181 0.29428200563211632 1.0000000180025095e-35 -0.88376372093892519 1.3652213814563967 1.4887725607792424 0.99942236366721815 -1.3227564312062514 -0.20715841344116789 -0.35258457906176616 -0.88376372093892519 2.1524478579601509 -0.51744689972239211 -0.16893375550284029
decision_type=2 2 2 2 2 2 2 2 2 2 2 2 2 2 2
left_child=2 9 5 4 -4 8 11 -8 -1 10 -2 -3 -7 -11 -5
right_child=1 6 3 14 -6 12 7 -9 -10 13 -12 -13 -14 -15 -16
leaf_value=-0.053997619624369719 0.26113767743824468 -0.039037060637135697 -0.0090901791889282432 0.15247314185408115 0.015182745787259772 0.10827350642353133 0.12938610400231304 -0.0091367335507548404 -0.019441378736745864 0.13566337494579561 0.15356048348909904 -0.012651880016973198 0.010358463346481312 0.10746683078404709 0.1092815171380523
leaf_weight=1772.3094866089523 104.67935714870691 2538.7129822000861 10973.71032396704 84.228108584880829 10495.086665343493 99.211935833096504 385.15797309949994 1987.2967358641326 13624.52690526098 410.09192607551813 682.07893416658044 3275.1616394296288 2207.4847674779594 1381.0848259665072 220.62691615894437
leaf_count=20617 530 13421 50979 382 52013 602 2062 10577 76787 1891 3044 17467 11214 8232 1327
internal_value=-5.89259e-05 0.0211196 -0.00583441 0.00443598 0.00277444 -0.0184675 -0.013301 0.013343 -0.0234211 0.130432 0.167928 -0.0241784 0.0145845 0.113942 0.121333
internal_weight=50241.4 10764.3 39477.2 21773.7 21468.8 17703.5 8186.33 2372.45 15396.8 2577.94 786.758 5813.87 2306.7 1791.18 304.855
internal_count=271145 57224 213921 104701 102992 109220 43527 12639 97404 13697 3574 30888 11816 10123 1709
is_linear=0
shrinkage=0.0805615


Tree=36
num_leaves=16
num_cat=0
split_feature=10 10 1 1 1 8 8 9 0 7 12 4 0 0 0
split_gain=975.133 813.508 658.543 1425.55 800.665 604.253 418.076 353.391 274.232 149.941 115.677 45.0836 41.237 37.3651 9.60711
threshold=-0.88863954784214383 1.1240060543821861 -0.51744689972239211 -0.4070088936994854 -0.4069689470163062 -0.88376372093892519 1.129907725587735 -0.91269425987561126 0.29428200563211632 -0.9871923519886846 3.8531550044111627 -0.21005186170957066 -0.99937549371738932 -0.49638471279916008 -0.35258457906176616
decision_type=2 2 2 2 2 2 2 2 2 2 2 2 2 2 2
left_child=2 11 8 12 -5 7 -7 -3 10 -10 -1 13 -4 -2 -13
right_child=1 5 3 4 -6 6 -8 -9 9 -11 -12 14 -14 -15 -16
leaf_value=-0.043387654282720949 0.32417675725783124 -0.025478923518069758 0.20265048106412767 -0.095091111284087371 0.00020934105350795709 0.11297583122849689 0.01705890981118054 0.0033614535597061438 -0.047834637904553265 -0.010026107447457156 0.031348154769858173 0.13995231951716472 0.11817870918019158 0.15606002663302387 0.10516384054969022
leaf_weight=4837.3517777249217 11.470130458474157 3729.6882627606392 41.532174691557884 613.70953247696161 8430.8723622485995 301.03117907419801 14695.58794156462 10573.534002162516 792.82629723846912 4844.0409430488944 137.78390347212553 72.260573640465736 535.63682512193918 41.678624577820301 274.86480592936277
leaf_count=40783 64 19785 194 4447 44795 1954 76967 51053 3571 21300 684 351 3212 187 1798
internal_value=-4.44992e-05 0.00924719 -0.0136846 0.00157611 -0.00625471 0.00768767 0.0189866 -0.00415708 -0.0275239 -0.0153492 -0.041312 0.123316 0.124325 0.193184 0.112508
internal_weight=49933.9 29700.1 20233.8 9621.75 9044.58 29299.8 14996.6 14303.2 10612 5636.87 4975.14 400.274 577.169 53.1488 347.125
internal_count=271145 152159 118986 52648 49242 149759 78921 70838 66338 24871 41467 2400 3406 251 2149
is_linear=0
shrinkage=0.0805615


Tree=37
num_leaves=16
num_cat=0
split_feature=13 13 6 6 27 10 4 0 3 3 10 2 0 1 4
split_gain=875.211 811.685 478.553 4503.59 475.415 414.168 402.063 352.225 340.608 330.406 326.926 276.453 24.4128 10.1187 6.40058
threshold=-0.93180207587540143 1.0713772353766335 -0.35214873861290713 -1.2722493705883078 1.0000000180025095e-35 -0.88863954784214383 -0.21005186170957066 1.5878728299635265 -0.45056094828319948 -0.59579823103259677 1.1240060543821861 -0.45526289857285479 -0.99937549371738932 -0.48913384451885822 -0.20232284596265518
decision_type=2 2 2 2 2 2 2 2 2 2 2 2 2 2 2
left_child=2 12 3 8 11 9 -5 -6 -1 -3 -7 -4 13 -2 -14
right_child=1 5 4 6 7 10 -8 -9 -10 -11 -12 -13 14 -15 -16
leaf_value=-0.0027134898376103508 0.24883285775697866 -0.022810517877129188 -0.039973751222382198 0.23671268673261786 0.10570758924703549 0.1144756519454526 0.12750795955717803 0.0011124837201279948 -0.03408210260736793 0.0066723368907053264 0.014234415480275011 -0.012432803005904566 0.12509397805581951 0.14980392325212374 0.10157720707159661
leaf_weight=4938.8433781713247 9.6737679094076139 4081.8651066496968 6363.529228810221 325.21807066723704 240.73884281516075 213.90897477418184 676.77001427859068 1584.38103152439 4124.3489076904953 6233.3848563879728 16598.779223285615 3770.5911566577852 125.25094890221953 39.817926689982414 286.82511106878519
leaf_count=27570 48 22496 36619 1625 1543 1394 3533 7668 23619 33914 86150 22128 640 187 2011
internal_value=-4.14374e-05 0.00951809 -0.0120177 0.000924072 -0.022912 0.00771444 0.162992 0.014927 -0.0169914 -0.00499177 0.0155118 -0.0297295 0.11545 0.169994 0.108809
internal_weight=49613.9 27589.5 22024.4 10065.2 11959.2 27127.9 1001.99 1825.12 9063.19 10315.2 16812.7 10134.1 461.568 49.4917 412.076
internal_count=271145 146840 124305 56347 67958 143954 5158 9211 51189 56410 87544 58747 2886 235 2651
is_linear=0
shrinkage=0.0805615


Tree=38
num_leaves=16
num_cat=0
split_feature=12 10 10 8 1 1 0 26 26 25 6 6 0 7 4
split_gain=795.708 716.4 570.154 493.523 474.307 1234.54 223.854 74.2071 187.452 64.389 25.5643 52.9545 23.9039 21.6877 1.55139
threshold=1.0000000180025095e-35 -0.88863954784214383 1.1240060543821861 -0.88376372093892519 -0.51744689972239211 -0.4070088936994854 0.29428200563211632 0.99994697439931646 1.0000000180025095e-35 0.99991651298688256 0.56827597743448321 1.4885122780204181 -0.35258457906176616 -1.1348426049892821 -0.21005186170957066
decision_type=2 2 2 2 2 2 2 2 2 2 2 2 2 2 2
left_child=1 4 12 -4 6 -6 -1 8 9 -2 13 -12 -3 -9 -10
right_child=7 2 3 -5 5 -7 -8 10 14 -11 11 -13 -14 -15 -16
leaf_value=-0.040099917981557535 0.036636705697509792 0.16947288696442026 -0.0070613314333284943 0.014972230082941204 0.1212277531187432 -0.0089932981117681644 -0.015849119347237692 -0.11587882627204661 0.12061847251660597 0.0042340503377868415 0.10338468712359514 -0.0078579809764160631 0.11177860637864753 -0.008876491337456811 0.098286967244832657
leaf_weight=4669.991335015744 2981.9073265753686 67.881911963224411 12866.216004051268 13539.761566188186 501.18526633456349 8236.6729278787971 5256.670777566731 12.963114425539969 37.751607533544302 461.60334613546729 42.163462724536657 79.979340896010399 175.90915036201477 244.08028205484152 237.19643688201904
leaf_count=40783 19156 323 62330 69327 2955 44892 23147 60 187 2914 280 496 1044 1451 1800
internal_value=-3.26801e-05 -0.00310749 0.00536888 0.00423542 -0.0152118 -0.00152016 -0.0272608 0.0339633 0.0374253 0.0323013 0 0.0303497 0.127994 -0.0144056 0.101479
internal_weight=49411.9 45314.3 26649.8 26406 18664.5 8737.86 9926.66 4097.64 3718.46 3443.51 379.186 122.143 243.791 257.043 274.948
internal_count=271145 244801 133024 131657 111777 47847 63930 26344 24057 22070 2287 776 1367 1511 1987
is_linear=0
shrinkage=0.0805615


Tree=39
num_leaves=16
num_cat=0
split_feature=6 6 7 7 7 7 7 6 34 4 13 4 27 29 1
split_gain=728.966 5509.66 642.007 1816.17 1227.59 457.725 1826.23 295.893 850.919 179.543 167.058 102.976 71.0476 44.5709 27.3939
threshold=0.56827597743448321 1.4885122780204181 -0.9871923519886846 -0.84321972740105522 -0.83953881216631954 -0.98728607444225613 -1.1348426049892821 1.4887725607792424 0.99942236366721815 -0.20715841344116789 -0.93180207587540143 -0.62333369120227355 0.152425993097456 0.99988777048261623 -0.51744689972239211
decision_type=2 2 2 2 2 2 2 2 2 2 2 2 2 2 2
left_child=2 9 5 11 -5 6 -1 10 -9 13 -3 -4 -7 -2 -11
right_child=1 7 3 4 -6 12 -8 8 -10 14 -12 -13 -14 -15 -16
leaf_value=-0.043995287633389703 0.15336845154386761 -0.054860420750858868 0.22082064843808241 -0.076584316713003739 -0.00077750233807350637 -0.088375132867093545 0.14875702768270618 0.12474650993550693 -0.0099185311584847335 0.12919047791956592 -0.01712119400065509 0.12762188113449469 -0.03978862047822581 0.25358615498248971 0.10433945165483222
leaf_weight=2363.5076918303967 737.27897271886468 905.01419754326344 94.052792701870203 1447.6701788716018 32751.833612576127 927.45335262268782 368.69592580199242 360.53555035218596 1957.2985862493515 390.85617963224649 4827.4716646298766 455.35807071253657 250.55742035806179 31.008116014301777 1269.4273949079216
leaf_count=14444 3420 5128 455 8655 178758 6150 1874 2062 10577 1891 25760 2446 1139 154 8232
internal_value=-2.6303e-05 0.01882 -0.00513549 -0.00165205 -0.00398735 -0.0360842 -0.0179717 -0.013262 0.0110192 0.125176 -0.0230846 0.143649 -0.0780669 0.157469 0.110211
internal_weight=49138 10478.9 38659.1 34748.9 34199.5 3910.21 2732.2 8050.32 2317.83 2428.57 5732.49 549.411 1178.01 768.287 1660.28
internal_count=271145 57224 213921 190314 187413 23607 16318 43527 12639 13697 30888 2901 7289 3574 10123
is_linear=0
shrinkage=0.0805615


Tree=40
num_leaves=13
num_cat=0
split_feature=0 0 2 2 8 20 30 4 6 3 3 4
split_gain=714.138 1107.16 623.334 4074.33 549.507 272.629 141.795 87.5564 82.7671 37.9784 3.75449 3.24262
threshold=-0.99937549371738932 -0.67613665567624237 -0.45526289857285479 -0.32624812950871745 -0.88376372093892519 0.0055047973644862256 1.0000000180025095e-35 -0.21005186170957066 -1.2543229571050121 0.85733330618806247 -0.59278255912905398 -0.17870859697762384
decision_type=2 2 2 2 2 2 2 2 2 2 2 2
left_child=5 7 4 -4 -3 6 8 9 -1 -2 -9 -7
right_child=1 2 3 -5 -6 11 -8 10 -10 -11 -12 -13
leaf_value=-0.067123809272400803 0.25536518958344906 -0.017621853685337203 0.13070346380728137 7.7376342005303756e-05 0.0044357060131204858 0.15940660924237218 0.12515363889400807 0.16927178522872643 -0.035079213655414762 0.15852923164895094 0.11953998304510671 0.11249008986557618
leaf_weight=674.58434012159705 68.520583614706993 13143.888617873192 1741.802198741585 14051.988667815924 16569.043723154813 31.558581613004208 33.08897839486599 14.146116554737089 2376.6814772188663 46.841843225061893 150.50233385711908 23.744133651256561
leaf_count=8945 340 66395 9695 75207 84158 141 173 60 24899 212 780 140
internal_value=-1.20832e-05 0.00253607 0.00155267 0.0144855 -0.00532082 -0.0371808 -0.0403675 0.162223 -0.0421739 0.216387 0.12404 0.139904
internal_weight=48926.4 45786.7 45506.7 15793.8 29712.9 3139.66 3084.35 280.011 3051.27 115.362 164.648 55.3027
internal_count=271145 236847 235455 84902 150553 34298 34017 1392 33844 552 840 281
is_linear=0
shrinkage=0.0805615


Tree=41
num_leaves=16
num_cat=0
split_feature=0 24 2 2 2 8 8 27 0 4 7 1 4 8 1
split_gain=693.773 1331.18 560.36 3144.28 1117.13 392.182 433.776 341.042 944.783 251.784 242.733 110.866 7.68309 3.62971 2.20202
threshold=0.61773896694836605 1.0000000180025095e-35 -0.45526289857285479 -0.32624812950871745 -0.32576533589740814 -0.88376372093892519 1.129907725587735 1.0000000180025095e-35 1.5878728299635265 -0.19845323415790525 -0.83953881216631954 -0.29657892519330981 -0.21005186170957066 -0.77202459028700876 -0.51744689972239211
decision_type=2 2 2 2 2 2 2 2 2 2 2 2 2 2 2
left_child=2 7 5 9 -5 11 -7 10 -9 -4 -2 -1 13 -3 -14
right_child=1 12 3 4 -6 6 -8 8 -10 -11 -12 -13 14 -15 -16
leaf_value=-0.024213787921420624 -0.029533697761351917 0.13222558924488723 0.20587808337920638 -0.10594205621104666 1.1367028826795224e-05 0.14371160055663795 -0.0089282828493458428 0.10712982213004872 0.011043754299488119 0.11722490307390951 0.0037939807308519646 -0.04543432967664722 0.11450020124703247 0.10977490513867233 0.10097210023666447
leaf_weight=4417.8361800089478 1663.341165907681 135.06374720484018 311.91358860582113 685.64432946592569 11101.518497195095 122.21089244261384 10152.211621813476 748.85681622847915 5878.0996739119291 634.12989920563996 9623.6702286675572 2513.0850948244333 148.30748697370291 113.92010157555342 473.61578811332583
leaf_count=30557 7766 603 1516 4742 65573 703 56483 4734 29205 3799 47171 13584 787 645 3277
internal_value=-5.19673e-06 0.0121303 -0.00762051 0.00518957 -0.00614999 -0.0171025 -0.00710917 0.00739988 0.0219067 0.146494 -0.00111514 -0.0319124 0.109393 0.122093 0.104253
internal_weight=48723.4 18784.9 29938.6 12733.2 11787.2 17205.3 10274.4 17914 6626.96 946.043 11287 6930.92 870.907 248.984 621.923
internal_count=271145 94188 176957 75630 70315 101327 57186 88876 33939 5315 54937 44141 5312 1248 4064
is_linear=0
shrinkage=0.0805615


Tree=42
num_leaves=14
num_cat=0
split_feature=4 0 30 31 21 4 7 4 1 4 4 29 1
split_gain=686.054 572.955 733.589 356.181 321.317 301.079 295.684 136.597 84.1332 39.2857 12.9546 7.0729 0.811211
threshold=1.3652213814563967 0.29428200563211632 1.0000000180025095e-35 1.0000000180025095e-35 1.0000000180025095e-35 2.1524478579601509 -1.1348426049892821 2.1536452097397949 -0.51744689972239211 2.9405694575047288 -0.16893375550284029 0.56466517072367606 -0.51744689972239211
decision_type=2 2 2 2 2 2 2 2 2 2 2 2 2
left_child=1 3 6 4 -1 12 -3 8 -7 -9 -4 -5 -2
right_child=5 2 10 11 -6 7 -8 9 -10 -11 -12 -13 -14
leaf_value=-0.020502033468150462 0.11264003600892725 -0.030970090137783617 0.14272372247145371 0.11483757923304061 0.0065059053886570763 0.0023340053356455605 0.0054170042162955123 0.09546265773164557 0.021436703742351109 0.041098787713233387 0.10900434028059912 0.16500043032299325 0.097518936367542983
leaf_weight=15125.596591476351 63.022892825305462 1561.8829739317298 132.36671271175146 84.654289476573467 3523.4652738422155 2368.0033285841346 20092.911377988756 96.322472754865885 4081.1878098417073 912.67785772122443 206.20978067815304 28.613275527954102 239.2077809125185
leaf_count=98837 360 7313 624 500 21442 10906 96960 877 22906 7325 1259 132 1861
internal_value=-8.20949e-06 -0.00418913 0.0046324 -0.0145313 -0.0153978 0.0219452 0.00279118 0.0187459 0.014427 0.0463212 0.122291 0.127833 0.100785
internal_weight=48516.1 40755.7 21993.4 18762.3 18649.1 7760.42 21654.8 7458.19 6449.19 1009 338.576 113.268 302.231
internal_count=271302 227067 106156 120911 120279 44235 104273 42014 33812 8202 1883 632 2221
is_linear=0
shrinkage=0.0805615


Tree=43
num_leaves=16
num_cat=0
split_feature=1 3 3 3 3 3 1 1 1 4 4 6 1 1 4
split_gain=616.591 728.563 4255.66 2679.9 3433.76 1452.02 433.304 523.17 667.853 194.118 66.4284 16.5974 10.5586 14.8877 9.38136
threshold=1.1394726757574245 -0.45056094828319948 -0.52314002157843342 -0.45048166522412997 -0.37785566569601886 -0.52378318833092863 1.6914041045085459 1.6915292759881513 2.7959729721480975 -0.12626260480202275 0.57732742027742501 1.4885122780204181 1.4722152428505428 1.4187150330444993 -0.17870859697762384
decision_type=2 2 2 2 2 2 2 2 2 2 2 2 2 2 2
left_child=1 2 5 10 -5 -1 12 11 -9 -4 -3 -8 13 -2 -14
right_child=6 3 9 4 -6 -7 7 8 -10 -11 -12 -13 14 -15 -16
leaf_value=0.0010708352524850791 0.091177826916692808 -0.093967884038404323 0.17944817490300083 0.14001582612920146 -0.015827819910922906 -0.093756177308540814 -0.05272488091633501 0.061812126793398939 0.0067720393728290503 0.11748619527673793 -0.12463894352060752 -0.086241212061714256 0.14291941299100835 0.047019366764210736 0.096923278853007111
leaf_weight=20347.963677505031 267.11607033759356 1125.0520765334368 537.91248036548495 982.94941613823175 13783.865498632193 1104.8261977024376 427.92045988887548 1897.8600379191339 5819.4516611285508 856.82896194793284 793.2631953805685 128.81677013635635 41.783420652151108 64.647710017859936 134.45856146886945
leaf_count=111913 1597 7991 2519 5142 78743 7258 2163 10833 32463 4836 3756 625 202 375 886
internal_value=-2.52872e-06 -0.0042926 0.00505252 -0.0170908 -0.00545174 -0.00381176 0.0193061 0.0148677 0.0203116 0.14141 -0.106669 -0.0605377 0.091531 0.082666 0.108029
internal_weight=48314.7 39532.7 22847.5 16685.1 14766.8 21452.8 8782.05 8274.05 7717.31 1394.74 1918.32 556.737 508.006 331.764 176.242
internal_count=271302 222158 126526 95632 83885 119171 49144 46084 43296 7355 11747 2788 3060 1972 1088
is_linear=0
shrinkage=0.0805615


Tree=44
num_leaves=16
num_cat=0
split_feature=10 10 1 1 1 0 8 7 7 7 19 0 4 0 1
split_gain=576.441 620.179 421.031 1081.75 629.222 381.726 370.131 175.455 1233.94 388.441 80.1361 21.2753 21.2454 14.0669 4.28744
threshold=-0.88863954784214383 1.1240060543821861 -0.51744689972239211 -0.4070088936994854 -0.4069689470163062 -1.3227564312062514 -0.88376372093892519 -0.24893726598796209 -0.39657461564037982 -0.24890668790300696 0.004526851933832011 -0.99937549371738932 -0.20715841344116789 -0.49638471279916008 -0.51565069180726697
decision_type=2 2 2 2 2 2 2 2 2 2 2 2 2 2 2
left_child=2 12 7 11 -5 10 -7 8 -1 -9 -3 -4 13 -2 -14
right_child=1 5 3 4 -6 6 -8 9 -10 -11 -12 -13 14 -15 -16
leaf_value=-0.019876795981157162 0.23197055076619635 -0.06762564408140706 0.17063035483891253 -0.089962170014883616 0.00045718089431415139 -0.0022916839928965181 0.016231412632120752 -0.085372630603975971 0.17891753280422615 -0.023318961097882149 0.2234457746420887 0.11033813286882602 0.13376244838451679 0.13457205007448569 0.10189677539134681
leaf_weight=4527.8803372010589 15.104590028524397 492.11814488470554 43.628916550427675 531.85320262983441 8187.9424264393747 13716.348713688552 14296.459920983762 766.54941512271762 212.0645513124764 4507.4869616739452 6.1166144311428061 467.15387230552733 39.045916199684143 36.747866369783878 250.51035425625741
leaf_count=30787 71 4156 204 4418 45003 68716 77101 5298 993 28936 29 3266 221 179 1924
internal_value=6.7105e-06 0.00721019 -0.0107917 0.0016169 -0.00505526 0.00591657 0.00716069 -0.0222322 -0.0109748 -0.0323442 -0.0639706 0.115561 0.11514 0.16371 0.106316
internal_weight=48097 28852.5 19244.6 9230.58 8719.8 28511 28012.8 10014 4739.94 5274.04 498.235 510.783 341.409 51.8525 289.556
internal_count=271302 152397 118905 52891 49421 150002 145817 66014 31780 34234 4185 3470 2395 250 2145
is_linear=0
shrinkage=0.0805615


Tree=45
num_leaves=16
num_cat=0
split_feature=13 13 6 6 6 6 27 3 0 4 14 9 0 1 4
split_gain=559.746 732.8 450.06 3552.37 336.356 3614.9 306.795 289.815 279.291 242.734 231.315 195.178 21.7426 11.0773 5.01798
threshold=-0.93180207587540143 1.0713772353766335 -0.35214873861290713 -1.2722493705883078 1.4885122780204181 0.56827597743448321 1.0000000180025095e-35 -0.45056094828319948 1.5878728299635265 -0.20715841344116789 0.60192862791439683 -0.91269425987561126 -0.99937549371738932 -0.51379595711178594 -0.20715841344116789
decision_type=2 2 2 2 2 2 2 2 2 2 2 2 2 2 2
left_child=2 12 3 7 5 -3 11 -1 -8 -5 -6 -4 13 -2 -14
right_child=1 4 6 9 10 -7 8 -9 -10 -11 -12 -13 14 -15 -16
leaf_value=0.00038840678464868576 0.25070101316263183 0.00029740156907397808 -0.041466146602188274 0.20793820434394486 -4.270846317829506e-05 0.11969254948247136 0.1006673075033417 -0.02909596105828997 -0.00094110865295161917 0.12171862006628341 -0.032947245030840268 -0.017647928526199893 0.12084090071651357 0.14420215655665342 0.098987815428604548
leaf_weight=4753.7694189958274 8.9874988496303541 17478.03696254082 3458.7815556526184 324.56934381648898 5016.9901636783034 1816.8828263264149 197.75068718753755 3968.2878629527986 1557.1438518576324 621.27730436995625 1916.9979958981276 6320.3983505461365 118.97856852039695 37.343359433114529 261.40803554095328
leaf_count=27527 42 95007 27217 1613 27384 11039 1513 23666 7686 3522 10583 31617 653 185 2048
internal_value=6.31581e-06 0.00777724 -0.00976218 0.00305568 0.00607226 0.0115419 -0.0205085 -0.0130231 0.010496 0.151345 -0.0091438 -0.0260752 0.112497 0.165752 0.105913
internal_weight=47857.6 26655.6 21202 9667.9 26228.9 19294.9 11534.1 8722.06 1754.89 945.847 6933.99 9779.18 426.717 46.3309 380.387
internal_count=271302 146941 124361 56328 144013 106046 68033 51193 9199 5135 37967 58834 2928 227 2701
is_linear=0
shrinkage=0.0805615


end of trees

feature_importances:
Column_0=136
Column_1=118
Column_4=100
Column_8=53
Column_13=36
Column_3=26
Column_2=18
Column_7=18
Column_27=18
Column_6=17
Column_30=16
Column_9=15
Column_12=15
Column_22=13
Column_10=12
Column_21=12
Column_23=10
Column_20=8
Column_32=8
Column_29=5
Column_24=4
Column_11=3
Column_19=3
Column_26=3
Column_28=2
Column_34=2
Column_14=1
Column_15=1
Column_18=1
Column_25=1
Column_31=1

parameters:
[boosting: gbdt]
[objective: binary]
[metric: auc]
[tree_learner: serial]
[device_type: cpu]
[data_sample_strategy: bagging]
[data: ]
[valid: ]
[num_iterations: 800]
[learning_rate: 0.0805615]
[num_leaves: 48]
[num_threads: 0]
[seed: 123]
[deterministic: 0]
[force_col_wise: 0]
[force_row_wise: 0]
[histogram_pool_size: -1]
[max_depth: 4]
[min_data_in_leaf: 49]
[min_sum_hessian_in_leaf: 0.001]
[bagging_fraction: 0.826932]
[pos_bagging_fraction: 1]
[neg_bagging_fraction: 1]
[bagging_freq: 7]
[bagging_seed: 19053]
[bagging_by_query: 0]
[feature_fraction: 0.915841]
[feature_fraction_bynode: 1]
[feature_fraction_seed: 13104]
[extra_trees: 0]
[extra_seed: 3265]
[early_stopping_round: 0]
[early_stopping_min_delta: 0]
[first_metric_only: 0]
[max_delta_step: 0]
[lambda_l1: 0.341322]
[lambda_l2: 0.0601108]
[linear_lambda: 0]
[min_gain_to_split: 0]
[drop_rate: 0.1]
[max_drop: 50]
[skip_drop: 0.5]
[xgboost_dart_mode: 0]
[uniform_drop: 0]
[drop_seed: 23075]
[top_rate: 0.2]
[other_rate: 0.1]
[min_data_per_group: 100]
[max_cat_threshold: 32]
[cat_l2: 10]
[cat_smooth: 10]
[max_cat_to_onehot: 4]
[top_k: 20]
[monotone_constraints: ]
[monotone_constraints_method: basic]
[monotone_penalty: 0]
[feature_contri: ]
[forcedsplits_filename: ]
[refit_decay_rate: 0.9]
[cegb_tradeoff: 1]
[cegb_penalty_split: 0]
[cegb_penalty_feature_lazy: ]
[cegb_penalty_feature_coupled: ]
[path_smooth: 0]
[interaction_constraints: ]
[verbosity: -1]
[saved_feature_importance_type: 0]
[use_quantized_grad: 0]
[num_grad_quant_bins: 4]
[quant_train_renew_leaf: 0]
[stochastic_rounding: 1]
[linear_tree: 0]
[max_bin: 255]
[max_bin_by_feature: ]
[min_data_in_bin: 3]
[bin_construct_sample_cnt: 200000]
[data_random_seed: 440]
[is_enable_sparse: 1]
[enable_bundle: 1]
[use_missing: 1]
[zero_as_missing: 0]
[feature_pre_filter: 0]
[pre_partition: 0]
[two_round: 0]
[header: 0]
[label_column: ]
[weight_column: ]
[group_column: ]
[ignore_column: ]
[categorical_feature: ]
[forcedbins_filename: ]
[precise_float_parser: 0]
[parser_config_file: ]
[objective_seed: 32363]
[num_class: 1]
[is_unbalance: 0]
[scale_pos_weight: 1]
[sigmoid: 1]
[boost_from_average: 1]
[reg_sqrt: 0]
[alpha: 0.9]
[fair_c: 1]
[poisson_max_delta_step: 0.7]
[tweedie_variance_power: 1.5]
[lambdarank_truncation_level: 30]
[lambdarank_norm: 1]
[label_gain: ]
[lambdarank_position_bias_regularization: 0]
[eval_at: ]
[multi_error_top_k: 1]
[auc_mu_weights: ]
[num_machines: 1]
[local_listen_port: 12400]
[time_out: 120]
[machine_list_filename: ]
[machines: ]
[gpu_platform_id: -1]
[gpu_device_id: -1]
[gpu_use_dp: 0]
[num_gpu: 1]

end of parameters

pandas_categorical:null
